Zeit:	Istwert Durchfluss	Totalisator	Alarm Nr. 1	
				
27.07.2020 11:42:55,196	0	0,02898069	0	
27.07.2020 11:42:55,449	0	0,02898069	0	
27.07.2020 11:42:55,700	0	0,02898069	0	
27.07.2020 11:42:55,955	0	0,02898069	0	
27.07.2020 11:42:56,223	0	0,02898069	0	
27.07.2020 11:42:56,479	0	0,02898069	0	
27.07.2020 11:42:56,752	0	0,02898069	0	
27.07.2020 11:42:57,11	0	0,02898069	0	
27.07.2020 11:42:57,272	0	0,02898069	0	
27.07.2020 11:42:57,540	0	0,02898069	0	
27.07.2020 11:42:57,797	0	0,02898069	0	
27.07.2020 11:42:58,52	0	0,02898069	0	
27.07.2020 11:42:58,313	0	0,02898069	0	
27.07.2020 11:42:58,573	0	0,02898069	0	
27.07.2020 11:42:58,835	0	0,02898069	0	
27.07.2020 11:42:59,103	0	0,02898069	0	
27.07.2020 11:42:59,374	0	0,02898069	0	
27.07.2020 11:42:59,642	0	0,02898069	0	
27.07.2020 11:42:59,907	0	0,02898069	0	
27.07.2020 11:43:00,161	0	0,02898069	0	
27.07.2020 11:43:00,418	0	0,02898069	0	
27.07.2020 11:43:00,676	0	0,02898069	0	
27.07.2020 11:43:00,949	0	0,02898069	0	
27.07.2020 11:43:01,205	0	0,02898069	0	
27.07.2020 11:43:01,472	0	0,02898069	0	
27.07.2020 11:43:01,731	0	0,02898069	0	
27.07.2020 11:43:02,0	0	0,02898069	0	
27.07.2020 11:43:02,260	0	0,02898069	0	
27.07.2020 11:43:02,517	0	0,02899345	0	
27.07.2020 11:43:02,780	0,4204461	0,03705239	0	
27.07.2020 11:43:03,34	1,002916	0,04700061	0	
27.07.2020 11:43:03,301	1,479102	0,05577927	0	
27.07.2020 11:43:03,574	0,2640097	0,05773767	0	
27.07.2020 11:43:03,845	0	0,05779628	0	
27.07.2020 11:43:04,106	0	0,05779628	0	
27.07.2020 11:43:04,361	0	0,05779628	0	
27.07.2020 11:43:04,625	0	0,05779628	0	
27.07.2020 11:43:04,876	0	0,05779628	0	
27.07.2020 11:43:05,145	0	0,05779628	0	
27.07.2020 11:43:05,409	0	0,05779628	0	
27.07.2020 11:43:05,660	0	0,05779628	0	
27.07.2020 11:43:05,919	0	0,05779628	0	
27.07.2020 11:43:06,173	0	0,05779628	0	
27.07.2020 11:43:06,440	0	0,05779628	0	
27.07.2020 11:43:06,711	0	0,05779628	0	
27.07.2020 11:43:06,975	0	0,05779628	0	
27.07.2020 11:43:07,225	0	0,05779628	0	
27.07.2020 11:43:07,493	0	0,05779628	0	
27.07.2020 11:43:07,751	0	0,05779628	0	
27.07.2020 11:43:08,16	0	0,05779628	0	
27.07.2020 11:43:08,287	0	0,05779628	0	
27.07.2020 11:43:08,543	0	0,05779628	0	
27.07.2020 11:43:08,802	0	0,05779628	0	
27.07.2020 11:43:09,54	0	0,05779628	0	
27.07.2020 11:43:09,316	0	0,05779628	0	
27.07.2020 11:43:09,587	0	0,05779628	0	
27.07.2020 11:43:09,858	0	0,05779628	0	
27.07.2020 11:43:10,121	0	0,05779628	0	
27.07.2020 11:43:10,393	0	0,05779628	0	
27.07.2020 11:43:10,648	0	0,05779628	0	
27.07.2020 11:43:10,904	0	0,05779628	0	
27.07.2020 11:43:11,173	0	0,05779628	0	
27.07.2020 11:43:11,424	0	0,05779628	0	
27.07.2020 11:43:11,692	0	0,05779628	0	
27.07.2020 11:43:11,956	0	0,05779628	0	
27.07.2020 11:43:12,215	0	0,05779628	0	
27.07.2020 11:43:12,483	0	0,05779628	0	
27.07.2020 11:43:12,737	0	0,05779628	0	
27.07.2020 11:43:13,2	0,2584367	0,06257034	0	
27.07.2020 11:43:13,271	0,8538069	0,07307058	0	
27.07.2020 11:43:13,531	1,352871	0,08256336	0	
27.07.2020 11:43:13,792	0,5782061	0,08634149	0	
27.07.2020 11:43:14,47	0	0,08685686	0	
27.07.2020 11:43:14,304	0	0,08685686	0	
27.07.2020 11:43:14,570	0	0,08685686	0	
27.07.2020 11:43:14,835	0	0,08685686	0	
27.07.2020 11:43:15,103	0	0,08685686	0	
27.07.2020 11:43:15,364	0	0,08685686	0	
27.07.2020 11:43:15,624	0	0,08685686	0	
27.07.2020 11:43:15,892	0	0,08685686	0	
27.07.2020 11:43:16,153	0	0,08685686	0	
27.07.2020 11:43:16,407	0	0,08685686	0	
27.07.2020 11:43:16,662	0	0,08685686	0	
27.07.2020 11:43:16,927	0	0,08685686	0	
27.07.2020 11:43:17,198	0	0,08685686	0	
27.07.2020 11:43:17,463	0	0,08685686	0	
27.07.2020 11:43:17,731	0	0,08685686	0	
27.07.2020 11:43:17,984	0	0,08685686	0	
27.07.2020 11:43:18,251	0	0,08685686	0	
27.07.2020 11:43:18,513	0	0,08685686	0	
27.07.2020 11:43:18,769	0	0,08685686	0	
27.07.2020 11:43:19,42	0	0,08685686	0	
27.07.2020 11:43:19,310	0	0,08685686	0	
27.07.2020 11:43:19,562	0	0,08685686	0	
27.07.2020 11:43:19,826	0	0,08685686	0	
27.07.2020 11:43:20,86	0	0,08685686	0	
27.07.2020 11:43:20,342	0	0,08685686	0	
27.07.2020 11:43:20,598	0	0,08685686	0	
27.07.2020 11:43:20,850	0	0,08685686	0	
27.07.2020 11:43:21,117	0	0,08685686	0	
27.07.2020 11:43:21,369	0	0,08685686	0	
27.07.2020 11:43:21,634	0	0,08685686	0	
27.07.2020 11:43:21,891	0	0,08685686	0	
27.07.2020 11:43:22,145	0	0,08685686	0	
27.07.2020 11:43:22,414	0	0,08685686	0	
27.07.2020 11:43:22,667	0	0,08685686	0	
27.07.2020 11:43:22,935	0	0,08685686	0	
27.07.2020 11:43:23,199	0,008316087	0,08883806	0	
27.07.2020 11:43:23,454	0,610302	0,09783716	0	
27.07.2020 11:43:23,714	1,161091	0,1077446	0	
27.07.2020 11:43:23,965	1,38018	0,1146878	0	
27.07.2020 11:43:24,216	0,241732	0,1162335	0	
27.07.2020 11:43:24,482	0	0,1162879	0	
27.07.2020 11:43:24,750	0	0,1162879	0	
27.07.2020 11:43:25,18	0	0,1162879	0	
27.07.2020 11:43:25,289	0	0,1162879	0	
27.07.2020 11:43:25,545	0	0,1162879	0	
27.07.2020 11:43:25,800	0	0,1162879	0	
27.07.2020 11:43:26,51	0	0,1162879	0	
27.07.2020 11:43:26,311	0	0,1162879	0	
27.07.2020 11:43:26,572	0	0,1162879	0	
27.07.2020 11:43:26,824	0	0,1162879	0	
27.07.2020 11:43:27,91	0	0,1162879	0	
27.07.2020 11:43:27,358	0	0,1162879	0	
27.07.2020 11:43:27,609	0	0,1162879	0	
27.07.2020 11:43:27,861	0	0,1162879	0	
27.07.2020 11:43:28,115	0	0,1162879	0	
27.07.2020 11:43:28,383	0	0,1162879	0	
27.07.2020 11:43:28,649	0	0,1162879	0	
27.07.2020 11:43:28,906	0	0,1162879	0	
27.07.2020 11:43:29,167	0	0,1162879	0	
27.07.2020 11:43:29,435	0	0,1162879	0	
27.07.2020 11:43:29,703	0	0,1162879	0	
27.07.2020 11:43:29,974	0	0,1162879	0	
27.07.2020 11:43:30,246	0	0,1162879	0	
27.07.2020 11:43:30,504	0	0,1162879	0	
27.07.2020 11:43:30,772	0	0,1162879	0	
27.07.2020 11:43:31,39	0	0,1162879	0	
27.07.2020 11:43:31,295	0	0,1162879	0	
27.07.2020 11:43:31,559	0	0,1162879	0	
27.07.2020 11:43:31,830	0	0,1162879	0	
27.07.2020 11:43:32,94	0	0,1162879	0	
27.07.2020 11:43:32,347	0	0,1162879	0	
27.07.2020 11:43:32,602	0	0,1162879	0	
27.07.2020 11:43:32,868	0	0,1162879	0	
27.07.2020 11:43:33,134	0,05963595	0,1173752	0	
27.07.2020 11:43:33,393	0,2244457	0,1199181	0	
27.07.2020 11:43:33,661	1,08171	0,1272886	0	
27.07.2020 11:43:33,915	1,611922	0,135092	0	
27.07.2020 11:43:34,184	1,61862	0,1433609	0	
27.07.2020 11:43:34,450	1,432528	0,147267	0	
27.07.2020 11:43:34,717	0,9122946	0,1487221	0	
27.07.2020 11:43:34,980	0	0,1487469	0	
27.07.2020 11:43:35,237	0	0,1487469	0	
27.07.2020 11:43:35,496	0	0,1487469	0	
27.07.2020 11:43:35,768	0	0,1487469	0	
27.07.2020 11:43:36,25	0	0,1487469	0	
27.07.2020 11:43:36,278	0	0,1487469	0	
27.07.2020 11:43:36,534	0	0,1487469	0	
27.07.2020 11:43:36,805	0	0,1487469	0	
27.07.2020 11:43:37,69	0	0,1487469	0	
27.07.2020 11:43:37,323	0	0,1487469	0	
27.07.2020 11:43:37,591	0	0,1487469	0	
27.07.2020 11:43:37,858	0	0,1487469	0	
27.07.2020 11:43:38,114	0	0,1487469	0	
27.07.2020 11:43:38,372	0	0,1487469	0	
27.07.2020 11:43:38,643	0	0,1487469	0	
27.07.2020 11:43:38,912	0	0,1487469	0	
27.07.2020 11:43:39,178	0	0,1487469	0	
27.07.2020 11:43:39,435	0	0,1487469	0	
27.07.2020 11:43:39,689	0,02073991	0,1494123	0	
27.07.2020 11:43:39,950	0,207652	0,151594	0	
27.07.2020 11:43:40,223	0,3005961	0,153145	0	
27.07.2020 11:43:40,485	0,3007547	0,1543913	0	
27.07.2020 11:43:40,756	0,2719357	0,1554243	0	
27.07.2020 11:43:41,25	0,2178396	0,1562099	0	
27.07.2020 11:43:41,284	0,1622358	0,1569244	0	
27.07.2020 11:43:41,535	0,1605538	0,1576236	0	
27.07.2020 11:43:41,791	0,1639474	0,1583713	0	
27.07.2020 11:43:42,60	0,1711314	0,1591508	0	
27.07.2020 11:43:42,322	0,1816066	0,1599648	0	
27.07.2020 11:43:42,582	0,1878569	0,16087	0	
27.07.2020 11:43:42,841	0,1898048	0,161644	0	
27.07.2020 11:43:43,110	0,1911036	0,1625485	0	
27.07.2020 11:43:43,379	0,1912125	0,1634396	0	
27.07.2020 11:43:43,634	0,1978776	0,1646339	0	
27.07.2020 11:43:43,900	0,7077713	0,1713515	0	
27.07.2020 11:43:44,171	1,259157	0,1798144	0	
27.07.2020 11:43:44,433	1,615077	0,1879049	0	
27.07.2020 11:43:44,685	1,577353	0,1938676	0	
27.07.2020 11:43:44,949	1,212816	0,196727	0	
27.07.2020 11:43:45,202	0	0,1971983	0	
27.07.2020 11:43:45,456	0	0,1971983	0	
27.07.2020 11:43:45,720	0	0,1971983	0	
27.07.2020 11:43:45,971	0	0,1971983	0	
27.07.2020 11:43:46,227	0	0,1971983	0	
27.07.2020 11:43:46,490	0	0,1971983	0	
27.07.2020 11:43:46,756	0	0,1971983	0	
27.07.2020 11:43:47,25	0	0,1971983	0	
27.07.2020 11:43:47,281	0	0,1971983	0	
27.07.2020 11:43:47,536	0	0,1971983	0	
27.07.2020 11:43:47,794	0	0,1972332	0	
27.07.2020 11:43:48,66	0,2093141	0,1999629	0	
27.07.2020 11:43:48,333	0,3809727	0,2025116	0	
27.07.2020 11:43:48,603	0,4643814	0,2047671	0	
27.07.2020 11:43:48,865	0,4474818	0,2064036	0	
27.07.2020 11:43:49,116	0,4119242	0,2079503	0	
27.07.2020 11:43:49,372	0,3546902	0,2093496	0	
27.07.2020 11:43:49,642	0,3110965	0,2107932	0	
27.07.2020 11:43:49,899	0,3113252	0,2120442	0	
27.07.2020 11:43:50,161	0,3139309	0,2134281	0	
27.07.2020 11:43:50,432	0,3194263	0,2149784	0	
27.07.2020 11:43:50,693	0,3254826	0,2164456	0	
27.07.2020 11:43:50,953	0,3312764	0,2179342	0	
27.07.2020 11:43:51,221	0,3365044	0,2195452	0	
27.07.2020 11:43:51,492	0,338738	0,2210275	0	
27.07.2020 11:43:51,743	0,3403868	0,2224053	0	
27.07.2020 11:43:51,996	0,3412378	0,22389	0	
27.07.2020 11:43:52,262	0,3410929	0,2253691	0	
27.07.2020 11:43:52,526	0,3414416	0,2268527	0	
27.07.2020 11:43:52,786	0,3416947	0,2284478	0	
27.07.2020 11:43:53,53	0,3421929	0,2299358	0	
27.07.2020 11:43:53,321	0,3432142	0,2314322	0	
27.07.2020 11:43:53,579	0,3435824	0,2329272	0	
27.07.2020 11:43:53,841	0,3449945	0,2344538	0	
27.07.2020 11:43:54,107	0,6077991	0,2395096	0	
27.07.2020 11:43:54,371	1,131842	0,2480385	0	
27.07.2020 11:43:54,623	1,533718	0,2562391	0	
27.07.2020 11:43:54,881	1,600191	0,263986	0	
27.07.2020 11:43:55,152	1,521645	0,2701301	0	
27.07.2020 11:43:55,412	1,11533	0,2722455	0	
27.07.2020 11:43:55,683	0,450743	0,2727315	0	
27.07.2020 11:43:55,950	0	0,2727315	0	
27.07.2020 11:43:56,203	0	0,2727315	0	
27.07.2020 11:43:56,459	0	0,2727315	0	
27.07.2020 11:43:56,729	0	0,2727315	0	
27.07.2020 11:43:56,982	0	0,2727315	0	
27.07.2020 11:43:57,237	0,1658209	0,2751102	0	
27.07.2020 11:43:57,495	0,334907	0,2773518	0	
27.07.2020 11:43:57,746	0,4310304	0,2792221	0	
27.07.2020 11:43:58,15	0,4242496	0,2810911	0	
27.07.2020 11:43:58,275	0,3943314	0,2826011	0	
27.07.2020 11:43:58,537	0,3483742	0,2839803	0	
27.07.2020 11:43:58,810	0,314135	0,2854253	0	
27.07.2020 11:43:59,81	0,315027	0,2868042	0	
27.07.2020 11:43:59,344	0,3191017	0,2882307	0	
27.07.2020 11:43:59,596	0,3270146	0,2897191	0	
27.07.2020 11:43:59,864	0,3397265	0,2912552	0	
27.07.2020 11:44:00,126	0,3785872	0,2929854	0	
27.07.2020 11:44:00,389	0,4712623	0,2951362	0	
27.07.2020 11:44:00,654	0,4855438	0,2973665	0	
27.07.2020 11:44:00,920	0,5114858	0,2997346	0	
27.07.2020 11:44:01,188	0,5410973	0,3023311	0	
27.07.2020 11:44:01,455	0,5462974	0,3047375	0	
27.07.2020 11:44:01,713	0,5473529	0,3071117	0	
27.07.2020 11:44:01,967	0,5452845	0,309452	0	
27.07.2020 11:44:02,221	0,5425977	0,3117797	0	
27.07.2020 11:44:02,489	0,5397661	0,313915	0	
27.07.2020 11:44:02,755	0,5384601	0,316417	0	
27.07.2020 11:44:03,7	0,5385713	0,3187499	0	
27.07.2020 11:44:03,269	0,5385211	0,3209044	0	
27.07.2020 11:44:03,526	0,5405207	0,3232689	0	
27.07.2020 11:44:03,794	0,5424524	0,3258179	0	
27.07.2020 11:44:04,64	0,544152	0,3281913	0	
27.07.2020 11:44:04,337	0,63706	0,3328399	0	
27.07.2020 11:44:04,598	1,07994	0,3408274	0	
27.07.2020 11:44:04,864	1,466831	0,3490869	0	
27.07.2020 11:44:05,128	1,600196	0,3582668	0	
27.07.2020 11:44:05,396	1,606893	0,3669342	0	
27.07.2020 11:44:05,649	1,497118	0,3717031	0	
27.07.2020 11:44:05,917	1,08316	0,3740441	0	
27.07.2020 11:44:06,169	0,5151601	0,3749021	0	
27.07.2020 11:44:06,437	0,1274178	0,3754583	0	
27.07.2020 11:44:06,702	0,2376471	0,3763061	0	
27.07.2020 11:44:06,958	0,2922537	0,3777578	0	
27.07.2020 11:44:07,227	0,3587447	0,3798896	0	
27.07.2020 11:44:07,499	0,46452	0,3822255	0	
27.07.2020 11:44:07,756	0,5658968	0,3847218	0	
27.07.2020 11:44:08,10	0,5723981	0,3872514	0	
27.07.2020 11:44:08,262	0,5754889	0,3895727	0	
27.07.2020 11:44:08,521	0,5738853	0,3920378	0	
27.07.2020 11:44:08,784	0,5701264	0,3946591	0	
27.07.2020 11:44:09,35	0,566505	0,3968894	0	
27.07.2020 11:44:09,306	0,5628406	0,3993026	0	
27.07.2020 11:44:09,557	0,5628188	0,4017476	0	
27.07.2020 11:44:09,823	0,5649031	0,4044062	0	
27.07.2020 11:44:10,75	0,567764	0,4067093	0	
27.07.2020 11:44:10,340	0,5734251	0,4092398	0	
27.07.2020 11:44:10,615	0,5778301	0,411975	0	
27.07.2020 11:44:10,881	0,5820835	0,4145364	0	
27.07.2020 11:44:11,134	0,5851817	0,4171006	0	
27.07.2020 11:44:11,391	0,5872186	0,4196653	0	
27.07.2020 11:44:11,659	0,5899939	0,4224426	0	
27.07.2020 11:44:11,915	0,5946637	0,4248947	0	
27.07.2020 11:44:12,170	0,6263745	0,4279139	0	
27.07.2020 11:44:12,429	0,7103882	0,4313857	0	
27.07.2020 11:44:12,699	0,8540474	0,4352183	0	
27.07.2020 11:44:12,956	0,9290069	0,4392868	0	
27.07.2020 11:44:13,219	0,93794	0,4434309	0	
27.07.2020 11:44:13,485	0,9450737	0,4478964	0	
27.07.2020 11:44:13,736	0,9464169	0,4516844	0	
27.07.2020 11:44:13,990	0,94314	0,4557386	0	
27.07.2020 11:44:14,257	0,939756	0,4597832	0	
27.07.2020 11:44:14,525	0,9408232	0,4640157	0	
27.07.2020 11:44:14,791	1,174473	0,4719491	0	
27.07.2020 11:44:15,43	1,411412	0,4798679	0	
27.07.2020 11:44:15,316	1,588237	0,4880208	0	
27.07.2020 11:44:15,567	1,605664	0,4957841	0	
27.07.2020 11:44:15,834	1,610512	0,5051238	0	
27.07.2020 11:44:16,86	1,61372	0,5140633	0	
27.07.2020 11:44:16,348	1,615844	0,5218011	0	
27.07.2020 11:44:16,611	1,396272	0,5261153	0	
27.07.2020 11:44:16,868	0,9892504	0,5285488	0	
27.07.2020 11:44:17,138	0,5823199	0,5306247	0	
27.07.2020 11:44:17,400	0,5320323	0,533024	0	
27.07.2020 11:44:17,656	0,5855225	0,5360212	0	
27.07.2020 11:44:17,908	0,7129551	0,5395808	0	
27.07.2020 11:44:18,181	0,925468	0,5435425	0	
27.07.2020 11:44:18,438	0,9469783	0,5477182	0	
27.07.2020 11:44:18,706	0,9592179	0,552308	0	
27.07.2020 11:44:18,977	0,968319	0,5565754	0	
27.07.2020 11:44:19,245	0,9715521	0,5611264	0	
27.07.2020 11:44:19,509	0,9714432	0,5650116	0	
27.07.2020 11:44:19,768	0,9704549	0,5692086	0	
27.07.2020 11:44:20,20	0,970776	0,5734231	0	
27.07.2020 11:44:20,291	0,9744478	0,5780101	0	
27.07.2020 11:44:20,545	0,9792123	0,5819673	0	
27.07.2020 11:44:20,816	0,9849995	0,5866203	0	
27.07.2020 11:44:21,87	0,9907489	0,5912966	0	
27.07.2020 11:44:21,339	0,9953509	0,5953257	0	
27.07.2020 11:44:21,597	1,001034	0,5997167	0	
27.07.2020 11:44:21,863	1,006256	0,6044569	0	
27.07.2020 11:44:22,117	1,01053	0,6085375	0	
27.07.2020 11:44:22,377	1,014485	0,6129689	0	
27.07.2020 11:44:22,627	1,017752	0,6174087	0	
27.07.2020 11:44:22,886	1,02154	0,6218747	0	
27.07.2020 11:44:23,158	1,025234	0,6263495	0	
27.07.2020 11:44:23,415	1,028143	0,6308331	0	
27.07.2020 11:44:23,679	1,031421	0,635326	0	
27.07.2020 11:44:23,941	1,033019	0,6398145	0	
27.07.2020 11:44:24,211	1,03522	0,6446708	0	
27.07.2020 11:44:24,463	1,03755	0,6488415	0	
27.07.2020 11:44:24,723	1,039221	0,6537169	0	
27.07.2020 11:44:24,975	1,141271	0,659765	0	
27.07.2020 11:44:25,226	1,357396	0,6669495	0	
27.07.2020 11:44:25,478	1,522722	0,6749896	0	
27.07.2020 11:44:25,731	1,588425	0,6833027	0	
27.07.2020 11:44:25,984	1,599103	0,6918486	0	
27.07.2020 11:44:26,255	1,606169	0,7006657	0	
27.07.2020 11:44:26,524	1,611132	0,7104388	0	
27.07.2020 11:44:26,783	1,614131	0,7196087	0	
27.07.2020 11:44:27,54	1,507634	0,7247953	0	
27.07.2020 11:44:27,305	1,17135	0,7276255	0	
27.07.2020 11:44:27,587	0,7652476	0,7305748	0	
27.07.2020 11:44:27,844	0,6628951	0,7331703	0	
27.07.2020 11:44:28,107	0,7015513	0,7368434	0	
27.07.2020 11:44:28,372	0,8077021	0,7408631	0	
27.07.2020 11:44:28,638	0,9740428	0,7452723	0	
27.07.2020 11:44:28,904	1,064079	0,7502667	0	
27.07.2020 11:44:29,174	1,069894	0,754951	0	
27.07.2020 11:44:29,431	1,072454	0,7596138	0	
27.07.2020 11:44:29,703	1,070096	0,764573	0	
27.07.2020 11:44:29,971	1,058823	0,768683	0	
27.07.2020 11:44:30,234	1,021561	0,7731249	0	
27.07.2020 11:44:30,496	0,94237	0,7768685	0	
27.07.2020 11:44:30,764	0,822255	0,780368	0	
27.07.2020 11:44:31,28	0,8039343	0,7840208	0	
27.07.2020 11:44:31,279	0,7955598	0,7871318	0	
27.07.2020 11:44:31,544	0,7929717	0,7905618	0	
27.07.2020 11:44:31,814	0,7972299	0,7943333	0	
27.07.2020 11:44:32,86	0,8056615	0,7981728	0	
27.07.2020 11:44:32,348	0,814446	0,8015026	0	
27.07.2020 11:44:32,610	0,8213483	0,8053977	0	
27.07.2020 11:44:32,878	0,8264059	0,809025	0	
27.07.2020 11:44:33,131	0,829827	0,8123721	0	
27.07.2020 11:44:33,387	0,8320883	0,8159982	0	
27.07.2020 11:44:33,639	0,8342966	0,8196349	0	
27.07.2020 11:44:33,904	0,8361893	0,8235496	0	
27.07.2020 11:44:34,164	0,8373932	0,8269114	0	
27.07.2020 11:44:34,431	0,8385669	0,8308342	0	
27.07.2020 11:44:34,693	0,8384361	0,834468	0	
27.07.2020 11:44:34,952	0,8389334	0,8381087	0	
27.07.2020 11:44:35,214	0,8829577	0,8430018	0	
27.07.2020 11:44:35,480	1,211125	0,8506914	0	
27.07.2020 11:44:35,747	1,465229	0,8586896	0	
27.07.2020 11:44:36,14	1,598378	0,8675559	0	
27.07.2020 11:44:36,274	1,60569	0,876048	0	
27.07.2020 11:44:36,531	1,610529	0,8847687	0	
27.07.2020 11:44:36,793	1,613732	0,8933343	0	
27.07.2020 11:44:37,51	1,451668	0,8977278	0	
27.07.2020 11:44:37,306	1,037687	0,9000599	0	
27.07.2020 11:44:37,569	0,5591192	0,9016656	0	
27.07.2020 11:44:37,837	0,3879564	0,9033589	0	
27.07.2020 11:44:38,95	0,4260759	0,9055676	0	
27.07.2020 11:44:38,350	0,5353265	0,9083647	0	
27.07.2020 11:44:38,607	0,7162012	0,911341	0	
27.07.2020 11:44:38,880	0,7960677	0,915104	0	
27.07.2020 11:44:39,146	0,8074164	0,9189821	0	
27.07.2020 11:44:39,404	0,815719	0,9223076	0	
27.07.2020 11:44:39,676	0,8189192	0,9261478	0	
27.07.2020 11:44:39,947	0,8170472	0,9296657	0	
27.07.2020 11:44:40,217	0,8143739	0,9334453	0	
27.07.2020 11:44:40,489	0,8122101	0,9372174	0	
27.07.2020 11:44:40,748	0,8113303	0,9404586	0	
27.07.2020 11:44:41,9	0,8128198	0,9442644	0	
27.07.2020 11:44:41,270	0,815044	0,9478148	0	
27.07.2020 11:44:41,535	0,8177899	0,9513885	0	
27.07.2020 11:44:41,801	0,8203779	0,9549646	0	
27.07.2020 11:44:42,67	0,8221576	0,9588197	0	
27.07.2020 11:44:42,337	0,8240722	0,9624009	0	
27.07.2020 11:44:42,588	0,8244238	0,9659753	0	
27.07.2020 11:44:42,853	0,825553	0,9695679	0	
27.07.2020 11:44:43,125	0,8265877	0,9731568	0	
27.07.2020 11:44:43,398	0,827176	0,9770257	0	
27.07.2020 11:44:43,661	0,8285069	0,9809001	0	
27.07.2020 11:44:43,918	0,8256353	0,9841405	0	
27.07.2020 11:44:44,173	0,7963415	0,9872892	0	
27.07.2020 11:44:44,435	0,7172303	0,9899748	0	
27.07.2020 11:44:44,691	0,5782914	0,9922919	0	
27.07.2020 11:44:44,945	0,4947426	0,9942666	0	
27.07.2020 11:44:45,214	0,4897964	0,9965053	0	
27.07.2020 11:44:45,482	0,5158475	0,9993114	0	
27.07.2020 11:44:45,752	0,9485072	1,007344	0	
27.07.2020 11:44:46,7	1,354383	1,015298	0	
27.07.2020 11:44:46,263	1,596253	1,023482	0	
27.07.2020 11:44:46,516	1,603776	1,031228	0	
27.07.2020 11:44:46,771	1,609262	1,038998	0	
27.07.2020 11:44:47,22	1,375035	1,042418	0	
27.07.2020 11:44:47,274	0,9282969	1,044036	0	
27.07.2020 11:44:47,526	0,3361794	1,044683	0	
27.07.2020 11:44:47,779	0,1064691	1,045103	0	
27.07.2020 11:44:48,44	0,1329644	1,0459	0	
27.07.2020 11:44:48,304	0,2243814	1,047462	0	
27.07.2020 11:44:48,556	0,3765261	1,049254	0	
27.07.2020 11:44:48,810	0,5221408	1,051501	0	
27.07.2020 11:44:49,79	0,5306526	1,053886	0	
27.07.2020 11:44:49,344	0,538855	1,056468	0	
27.07.2020 11:44:49,597	0,5417031	1,05865	0	
27.07.2020 11:44:49,858	0,5398057	1,060964	0	
27.07.2020 11:44:50,109	0,535374	1,063241	0	
27.07.2020 11:44:50,379	0,5316572	1,065509	0	
27.07.2020 11:44:50,641	0,5284446	1,067777	0	
27.07.2020 11:44:50,893	0,5282928	1,070068	0	
27.07.2020 11:44:51,148	0,5292115	1,072372	0	
27.07.2020 11:44:51,416	0,530718	1,074689	0	
27.07.2020 11:44:51,711	0,5336479	1,077381	0	
27.07.2020 11:44:51,981	0,5352366	1,079715	0	
27.07.2020 11:44:52,249	0,5372442	1,082243	0	
27.07.2020 11:44:52,515	0,5382539	1,084581	0	
27.07.2020 11:44:52,770	0,5389992	1,086925	0	
27.07.2020 11:44:53,26	0,5403001	1,089094	0	
27.07.2020 11:44:53,278	0,5404469	1,091435	0	
27.07.2020 11:44:53,538	0,5410699	1,093789	0	
27.07.2020 11:44:53,810	0,5417541	1,096141	0	
27.07.2020 11:44:54,65	0,5419384	1,098493	0	
27.07.2020 11:44:54,318	0,5421624	1,100841	0	
27.07.2020 11:44:54,578	0,5415316	1,103184	0	
27.07.2020 11:44:54,842	0,5420272	1,105538	0	
27.07.2020 11:44:55,112	0,5424089	1,108073	0	
27.07.2020 11:44:55,363	0,5422283	1,110424	0	
27.07.2020 11:44:55,628	0,5428391	1,112786	0	
27.07.2020 11:44:55,889	0,6965159	1,117941	0	
27.07.2020 11:44:56,152	1,124156	1,125768	0	
27.07.2020 11:44:56,423	1,489259	1,133847	0	
27.07.2020 11:44:56,686	1,601285	1,142776	0	
27.07.2020 11:44:56,944	1,607614	1,151138	0	
27.07.2020 11:44:57,206	1,468405	1,155511	0	
27.07.2020 11:44:57,477	1,029869	1,157745	0	
27.07.2020 11:44:57,740	0,409125	1,158597	0	
27.07.2020 11:44:57,999	0,1113655	1,159057	0	
27.07.2020 11:44:58,260	0,1381814	1,159844	0	
27.07.2020 11:44:58,524	0,2184837	1,16134	0	
27.07.2020 11:44:58,787	0,3750457	1,16325	0	
27.07.2020 11:44:59,41	0,5155929	1,165291	0	
27.07.2020 11:44:59,310	0,5229327	1,167812	0	
27.07.2020 11:44:59,566	0,5319371	1,170195	0	
27.07.2020 11:44:59,834	0,5357258	1,172538	0	
27.07.2020 11:45:00,106	0,533775	1,175003	0	
27.07.2020 11:45:00,370	0,5299712	1,177261	0	
27.07.2020 11:45:00,637	0,5256017	1,179499	0	
27.07.2020 11:45:00,902	0,5231703	1,181927	0	
27.07.2020 11:45:01,156	0,5227332	1,184015	0	
27.07.2020 11:45:01,422	0,5238031	1,186296	0	
27.07.2020 11:45:01,693	0,5256904	1,188764	0	
27.07.2020 11:45:01,954	0,524989	1,191011	0	
27.07.2020 11:45:02,226	0,5111551	1,193099	0	
27.07.2020 11:45:02,488	0,4771529	1,195115	0	
27.07.2020 11:45:02,747	0,4245585	1,196838	0	
27.07.2020 11:45:03,11	0,3915792	1,198506	0	
27.07.2020 11:45:03,268	0,3882962	1,200161	0	
27.07.2020 11:45:03,522	0,3882807	1,201854	0	
27.07.2020 11:45:03,774	0,3903785	1,20344	0	
27.07.2020 11:45:04,35	0,3939815	1,205184	0	
27.07.2020 11:45:04,294	0,3986	1,206957	0	
27.07.2020 11:45:04,556	0,4029955	1,208741	0	
27.07.2020 11:45:04,825	0,4069099	1,210534	0	
27.07.2020 11:45:05,91	0,4096218	1,21247	0	
27.07.2020 11:45:05,345	0,4105526	1,214257	0	
27.07.2020 11:45:05,597	0,4115526	1,215916	0	
27.07.2020 11:45:05,853	0,4122629	1,217705	0	
27.07.2020 11:45:06,113	0,4480898	1,220651	0	
27.07.2020 11:45:06,380	0,9550111	1,228772	0	
27.07.2020 11:45:06,639	1,355034	1,236058	0	
27.07.2020 11:45:06,913	1,597912	1,244812	0	
27.07.2020 11:45:07,179	1,605381	1,252811	0	
27.07.2020 11:45:07,450	1,400442	1,257119	0	
27.07.2020 11:45:07,703	0,9127551	1,258528	0	
27.07.2020 11:45:07,968	0,281749	1,258917	0	
27.07.2020 11:45:08,225	0	1,258917	0	
27.07.2020 11:45:08,491	0	1,258917	0	
27.07.2020 11:45:08,759	0	1,258917	0	
27.07.2020 11:45:09,19	0,004227604	1,259514	0	
27.07.2020 11:45:09,290	0,2499044	1,26238	0	
27.07.2020 11:45:09,555	0,4217927	1,264811	0	
27.07.2020 11:45:09,826	0,488259	1,26698	0	
27.07.2020 11:45:10,84	0,4695887	1,268979	0	
27.07.2020 11:45:10,342	0,4279838	1,270622	0	
27.07.2020 11:45:10,613	0,3755422	1,272181	0	
27.07.2020 11:45:10,869	0,3605822	1,273737	0	
27.07.2020 11:45:11,140	0,3640954	1,275477	0	
27.07.2020 11:45:11,401	0,3698231	1,277006	0	
27.07.2020 11:45:11,665	0,3776659	1,278843	0	
27.07.2020 11:45:11,917	0,3850933	1,280448	0	
27.07.2020 11:45:12,182	0,3910546	1,282191	0	
27.07.2020 11:45:12,451	0,3956043	1,284081	0	
27.07.2020 11:45:12,714	0,3980914	1,285825	0	
27.07.2020 11:45:12,983	0,3998856	1,287572	0	
27.07.2020 11:45:13,243	0,4017161	1,289327	0	
27.07.2020 11:45:13,504	0,4027785	1,291219	0	
27.07.2020 11:45:13,773	0,4049511	1,292997	0	
27.07.2020 11:45:14,35	0,406482	1,294769	0	
27.07.2020 11:45:14,307	0,4075208	1,296679	0	
27.07.2020 11:45:14,578	0,4079057	1,298448	0	
27.07.2020 11:45:14,842	0,4071796	1,300343	0	
27.07.2020 11:45:15,96	0,40722	1,301973	0	
27.07.2020 11:45:15,364	0,4068698	1,303732	0	
27.07.2020 11:45:15,633	0,4063989	1,305625	0	
27.07.2020 11:45:15,887	0,4066834	1,307387	0	
27.07.2020 11:45:16,137	0,4066731	1,309012	0	
27.07.2020 11:45:16,401	0,4388829	1,311562	0	
27.07.2020 11:45:16,666	0,9133929	1,319682	0	
27.07.2020 11:45:16,929	1,352529	1,327764	0	
27.07.2020 11:45:17,203	1,597703	1,336096	0	
27.07.2020 11:45:17,473	1,595789	1,343882	0	
27.07.2020 11:45:17,726	1,281356	1,346614	0	
27.07.2020 11:45:17,982	0,7032458	1,347386	0	
27.07.2020 11:45:18,239	0	1,347386	0	
27.07.2020 11:45:18,507	0	1,347386	0	
27.07.2020 11:45:18,776	0	1,347386	0	
27.07.2020 11:45:19,39	0	1,347386	0	
27.07.2020 11:45:19,306	0	1,347386	0	
27.07.2020 11:45:19,578	0	1,347386	0	
27.07.2020 11:45:19,844	0	1,347386	0	
27.07.2020 11:45:20,111	0	1,347386	0	
27.07.2020 11:45:20,375	0,1748252	1,34987	0	
27.07.2020 11:45:20,629	0,3212426	1,351898	0	
27.07.2020 11:45:20,901	0,3773761	1,353607	0	
27.07.2020 11:45:21,160	0,3576009	1,354979	0	
27.07.2020 11:45:21,411	0,3166816	1,35612	0	
27.07.2020 11:45:21,682	0,2516848	1,357129	0	
27.07.2020 11:45:21,936	0,2274252	1,358111	0	
27.07.2020 11:45:22,203	0,229509	1,359207	0	
27.07.2020 11:45:22,465	0,2346227	1,360278	0	
27.07.2020 11:45:22,725	0,2450254	1,361315	0	
27.07.2020 11:45:22,992	0,2556354	1,362552	0	
27.07.2020 11:45:23,251	0,2598445	1,363716	0	
27.07.2020 11:45:23,520	0,2639636	1,364892	0	
27.07.2020 11:45:23,781	0,2656996	1,366058	0	
27.07.2020 11:45:24,43	0,2673318	1,367322	0	
27.07.2020 11:45:24,311	0,2675722	1,368479	0	
27.07.2020 11:45:24,570	0,2665644	1,369626	0	
27.07.2020 11:45:24,822	0,2666247	1,37078	0	
27.07.2020 11:45:25,73	0,2665862	1,371845	0	
27.07.2020 11:45:25,342	0,2669	1,373007	0	
27.07.2020 11:45:25,596	0,2670804	1,374166	0	
27.07.2020 11:45:25,865	0,265903	1,375383	0	
27.07.2020 11:45:26,119	0,2549342	1,376282	0	
27.07.2020 11:45:26,372	0,217889	1,377022	0	
27.07.2020 11:45:26,635	0,1537872	1,377693	0	
27.07.2020 11:45:26,900	1,62	1,384	0	
27.07.2020 11:45:27,171	1,62	1,391797	0	
27.07.2020 11:45:27,441	1,62	1,400478	0	
27.07.2020 11:45:27,706	1,565678	1,406219	0	
27.07.2020 11:45:27,964	1,172411	1,408711	0	
27.07.2020 11:45:28,236	0	1,409069	0	
27.07.2020 11:45:28,495	0	1,409069	0	
27.07.2020 11:45:28,755	0	1,409069	0	
27.07.2020 11:45:29,14	0	1,409069	0	
27.07.2020 11:45:29,286	0	1,409069	0	
27.07.2020 11:45:29,543	0	1,409069	0	
27.07.2020 11:45:29,795	0	1,409069	0	
27.07.2020 11:45:30,46	0	1,409069	0	
27.07.2020 11:45:30,302	0	1,409069	0	
27.07.2020 11:45:30,556	0	1,409069	0	
27.07.2020 11:45:30,808	0	1,409069	0	
27.07.2020 11:45:31,75	0	1,409069	0	
27.07.2020 11:45:31,344	0	1,409069	0	
27.07.2020 11:45:31,605	0	1,409069	0	
27.07.2020 11:45:31,861	0	1,409069	0	
27.07.2020 11:45:32,115	0	1,409069	0	
27.07.2020 11:45:32,387	0	1,409069	0	
27.07.2020 11:45:32,655	0	1,409069	0	
27.07.2020 11:45:32,913	0	1,409069	0	
27.07.2020 11:45:33,185	0,1413913	1,41091	0	
27.07.2020 11:45:33,455	0,2242882	1,412322	0	
27.07.2020 11:45:33,721	0,222329	1,413263	0	
27.07.2020 11:45:33,975	0,145606	1,413922	0	
27.07.2020 11:45:34,246	0,1130655	1,414422	0	
27.07.2020 11:45:34,497	0,1033614	1,414767	0	
27.07.2020 11:45:34,755	0,09241012	1,415134	0	
27.07.2020 11:45:35,7	0,09028617	1,415501	0	
27.07.2020 11:45:35,276	0,09638911	1,416005	0	
27.07.2020 11:45:35,549	0,1106439	1,416531	0	
27.07.2020 11:45:35,812	0,1215645	1,417116	0	
27.07.2020 11:45:36,79	0,1234109	1,417705	0	
27.07.2020 11:45:36,335	0,123375	1,418195	0	
27.07.2020 11:45:36,589	0,1226493	1,418679	0	
27.07.2020 11:45:36,859	0,1209281	1,419227	0	
27.07.2020 11:45:37,130	0,3479832	1,423285	0	
27.07.2020 11:45:37,396	1,069198	1,430941	0	
27.07.2020 11:45:37,646	1,59516	1,438834	0	
27.07.2020 11:45:37,906	1,59721	1,445493	0	
27.07.2020 11:45:38,169	1,266548	1,448203	0	
27.07.2020 11:45:38,429	0	1,448779	0	
27.07.2020 11:45:38,685	0	1,448779	0	
27.07.2020 11:45:38,946	0	1,448779	0	
27.07.2020 11:45:39,203	0	1,448779	0	
27.07.2020 11:45:39,476	0	1,448779	0	
27.07.2020 11:45:39,747	0	1,448779	0	
27.07.2020 11:45:40,3	0	1,448779	0	
27.07.2020 11:45:40,258	0	1,448779	0	
27.07.2020 11:45:40,530	0	1,448779	0	
27.07.2020 11:45:40,787	0	1,448779	0	
27.07.2020 11:45:41,55	0	1,448779	0	
27.07.2020 11:45:41,324	0	1,448779	0	
27.07.2020 11:45:41,596	0	1,448779	0	
27.07.2020 11:45:41,852	0	1,448779	0	
27.07.2020 11:45:42,123	0	1,448779	0	
27.07.2020 11:45:42,388	0	1,448779	0	
27.07.2020 11:45:42,642	0	1,448779	0	
27.07.2020 11:45:42,894	0	1,448779	0	
27.07.2020 11:45:43,161	0	1,448779	0	
27.07.2020 11:45:43,420	0	1,448779	0	
27.07.2020 11:45:43,688	0	1,448779	0	
27.07.2020 11:45:43,946	0	1,448779	0	
27.07.2020 11:45:44,218	0	1,448779	0	
27.07.2020 11:45:44,477	0	1,448779	0	
27.07.2020 11:45:44,741	0	1,448779	0	
27.07.2020 11:45:45,12	0	1,448779	0	
27.07.2020 11:45:45,284	0	1,448779	0	
27.07.2020 11:45:45,549	0	1,448779	0	
27.07.2020 11:45:45,800	0	1,448779	0	
27.07.2020 11:45:46,62	0	1,448779	0	
27.07.2020 11:45:46,334	0	1,448779	0	
27.07.2020 11:45:46,604	0	1,448779	0	
27.07.2020 11:45:46,864	0	1,448779	0	
27.07.2020 11:45:47,118	0	1,448779	0	
27.07.2020 11:45:47,376	0	1,448865	0	
27.07.2020 11:45:47,649	0,5189685	1,458511	0	
27.07.2020 11:45:47,903	1,089001	1,468619	0	
27.07.2020 11:45:48,154	1,467808	1,475785	0	
27.07.2020 11:45:48,423	0,1878817	1,477561	0	
27.07.2020 11:45:48,693	0	1,477599	0	
27.07.2020 11:45:48,962	0	1,477599	0	
27.07.2020 11:45:49,229	0	1,477599	0	
27.07.2020 11:45:49,499	0	1,477599	0	
27.07.2020 11:45:49,751	0	1,477599	0	
27.07.2020 11:45:50,7	0	1,477599	0	
27.07.2020 11:45:50,259	0	1,477599	0	
27.07.2020 11:45:50,515	0	1,477599	0	
27.07.2020 11:45:50,780	0	1,477599	0	
27.07.2020 11:45:51,43	0	1,477599	0	
27.07.2020 11:45:51,298	0	1,477599	0	
27.07.2020 11:45:51,555	0	1,477599	0	
27.07.2020 11:45:51,814	0	1,477599	0	
27.07.2020 11:45:52,70	0	1,477599	0	
27.07.2020 11:45:52,325	0	1,477599	0	
27.07.2020 11:45:52,583	0	1,477599	0	
27.07.2020 11:45:52,853	0	1,477599	0	
27.07.2020 11:45:53,120	0	1,477599	0	
27.07.2020 11:45:53,380	0	1,477599	0	
27.07.2020 11:45:53,633	0	1,477599	0	
27.07.2020 11:45:53,903	0	1,477599	0	
27.07.2020 11:45:54,162	0	1,477599	0	
27.07.2020 11:45:54,416	0	1,477599	0	
27.07.2020 11:45:54,672	0	1,477599	0	
27.07.2020 11:45:54,929	0	1,477599	0	
27.07.2020 11:45:55,193	0	1,477599	0	
27.07.2020 11:45:55,461	0	1,477599	0	
27.07.2020 11:45:55,729	0	1,477599	0	
27.07.2020 11:45:55,999	0	1,477599	0	
27.07.2020 11:45:56,264	0	1,477599	0	
27.07.2020 11:45:56,532	0	1,477599	0	
27.07.2020 11:45:56,803	0	1,477599	0	
27.07.2020 11:45:57,73	0	1,477599	0	
27.07.2020 11:45:57,331	0	1,477599	0	
27.07.2020 11:45:57,597	0	1,477599	0	
27.07.2020 11:45:57,866	0,2858812	1,483684	0	
27.07.2020 11:45:58,122	0,8881772	1,492911	0	
27.07.2020 11:45:58,389	1,382794	1,50311	0	
27.07.2020 11:45:58,649	0,4416225	1,506107	0	
27.07.2020 11:45:58,913	0	1,506366	0	
27.07.2020 11:45:59,176	0	1,506366	0	
27.07.2020 11:45:59,436	0	1,506366	0	
27.07.2020 11:45:59,696	0	1,506366	0	
27.07.2020 11:45:59,957	0	1,506366	0	
27.07.2020 11:46:00,227	0	1,506366	0	
27.07.2020 11:46:00,490	0	1,506366	0	
27.07.2020 11:46:00,761	0	1,506366	0	
27.07.2020 11:46:01,26	0	1,506366	0	
27.07.2020 11:46:01,289	0	1,506366	0	
27.07.2020 11:46:01,543	0	1,506366	0	
27.07.2020 11:46:01,811	0	1,506366	0	
27.07.2020 11:46:02,68	0	1,506366	0	
27.07.2020 11:46:02,336	0	1,506366	0	
27.07.2020 11:46:02,602	0	1,506366	0	
27.07.2020 11:46:02,869	0	1,506366	0	
27.07.2020 11:46:03,129	0	1,506366	0	
27.07.2020 11:46:03,398	0	1,506366	0	
27.07.2020 11:46:03,653	0	1,506366	0	
27.07.2020 11:46:03,921	0	1,506366	0	
27.07.2020 11:46:04,179	0	1,506366	0	
27.07.2020 11:46:04,451	0	1,506366	0	
27.07.2020 11:46:04,707	0	1,506366	0	
27.07.2020 11:46:04,965	0	1,506366	0	
27.07.2020 11:46:05,229	0	1,506366	0	
27.07.2020 11:46:05,498	0	1,506366	0	
27.07.2020 11:46:05,767	0	1,506366	0	
27.07.2020 11:46:06,26	0	1,506366	0	
27.07.2020 11:46:06,279	0	1,506366	0	
27.07.2020 11:46:06,535	0	1,506366	0	
27.07.2020 11:46:06,807	0	1,506366	0	
27.07.2020 11:46:07,63	0	1,506366	0	
27.07.2020 11:46:07,321	0	1,506366	0	
27.07.2020 11:46:07,592	0	1,506366	0	
27.07.2020 11:46:07,859	0	1,506366	0	
27.07.2020 11:46:08,115	0,08225954	1,509416	0	
27.07.2020 11:46:08,372	0,7115672	1,519572	0	
27.07.2020 11:46:08,644	1,278625	1,530376	0	
27.07.2020 11:46:08,906	0,6518126	1,534219	0	
27.07.2020 11:46:09,174	0	1,534728	0	
27.07.2020 11:46:09,446	0	1,534728	0	
27.07.2020 11:46:09,703	0	1,534728	0	
27.07.2020 11:46:09,966	0	1,534728	0	
27.07.2020 11:46:10,219	0	1,534728	0	
27.07.2020 11:46:10,486	0	1,534728	0	
27.07.2020 11:46:10,759	0	1,534728	0	
27.07.2020 11:46:11,20	0	1,534728	0	
27.07.2020 11:46:11,275	0	1,534728	0	
27.07.2020 11:46:11,548	0	1,534728	0	
27.07.2020 11:46:11,808	0	1,534728	0	
27.07.2020 11:46:12,63	0	1,534728	0	
27.07.2020 11:46:12,317	0	1,534728	0	
27.07.2020 11:46:12,594	0	1,534728	0	
27.07.2020 11:46:12,860	0	1,534728	0	
27.07.2020 11:46:13,112	0	1,534728	0	
27.07.2020 11:46:13,372	0	1,534728	0	
27.07.2020 11:46:13,636	0	1,534728	0	
27.07.2020 11:46:13,907	0	1,534728	0	
27.07.2020 11:46:14,170	0	1,534728	0	
27.07.2020 11:46:14,441	0	1,534728	0	
27.07.2020 11:46:14,709	0	1,534728	0	
27.07.2020 11:46:14,971	0	1,534728	0	
27.07.2020 11:46:15,234	0	1,534728	0	
27.07.2020 11:46:15,500	0	1,534728	0	
27.07.2020 11:46:15,766	0	1,534728	0	
27.07.2020 11:46:16,23	0	1,534728	0	
27.07.2020 11:46:16,283	0	1,534728	0	
27.07.2020 11:46:16,551	0	1,534728	0	
27.07.2020 11:46:16,803	0	1,534728	0	
27.07.2020 11:46:17,70	0	1,534728	0	
27.07.2020 11:46:17,325	0	1,534728	0	
27.07.2020 11:46:17,592	0	1,534728	0	
27.07.2020 11:46:17,850	0	1,534728	0	
27.07.2020 11:46:18,106	0	1,534728	0	
27.07.2020 11:46:18,371	0,00783176	1,53603	0	
27.07.2020 11:46:18,631	0,6099138	1,545826	0	
27.07.2020 11:46:18,887	1,160915	1,555074	0	
27.07.2020 11:46:19,146	1,271268	1,562261	0	
27.07.2020 11:46:19,407	0,1313151	1,563506	0	
27.07.2020 11:46:19,671	0	1,563506	0	
27.07.2020 11:46:19,942	0	1,563506	0	
27.07.2020 11:46:20,214	0	1,563506	0	
27.07.2020 11:46:20,479	0	1,563506	0	
27.07.2020 11:46:20,749	0	1,563506	0	
27.07.2020 11:46:21,5	0	1,563506	0	
27.07.2020 11:46:21,260	0	1,563506	0	
27.07.2020 11:46:21,521	0	1,563506	0	
27.07.2020 11:46:21,786	0	1,563506	0	
27.07.2020 11:46:22,39	0	1,563506	0	
27.07.2020 11:46:22,307	0	1,563506	0	
27.07.2020 11:46:22,565	0	1,563506	0	
27.07.2020 11:46:22,832	0	1,563506	0	
27.07.2020 11:46:23,98	0	1,563506	0	
27.07.2020 11:46:23,363	0	1,563506	0	
27.07.2020 11:46:23,615	0	1,563506	0	
27.07.2020 11:46:23,868	0	1,563506	0	
27.07.2020 11:46:24,135	0	1,563506	0	
27.07.2020 11:46:24,386	0	1,563506	0	
27.07.2020 11:46:24,657	0	1,563506	0	
27.07.2020 11:46:24,931	0	1,563506	0	
27.07.2020 11:46:25,199	0	1,563506	0	
27.07.2020 11:46:25,461	0	1,563506	0	
27.07.2020 11:46:25,715	0	1,563506	0	
27.07.2020 11:46:25,978	0	1,563506	0	
27.07.2020 11:46:26,243	0	1,563506	0	
27.07.2020 11:46:26,517	0	1,563506	0	
27.07.2020 11:46:26,775	0	1,563506	0	
27.07.2020 11:46:27,36	0	1,563506	0	
27.07.2020 11:46:27,290	0	1,563506	0	
27.07.2020 11:46:27,548	0	1,563506	0	
27.07.2020 11:46:27,818	0	1,563506	0	
27.07.2020 11:46:28,87	0	1,563506	0	
27.07.2020 11:46:28,341	0	1,563506	0	
27.07.2020 11:46:28,611	0	1,563557	0	
27.07.2020 11:46:28,872	0,4523974	1,572257	0	
27.07.2020 11:46:29,124	1,019352	1,581482	0	
27.07.2020 11:46:29,390	1,449978	1,590274	0	
27.07.2020 11:46:29,655	0,2538223	1,592203	0	
27.07.2020 11:46:29,916	0	1,592259	0	
27.07.2020 11:46:30,182	0	1,592259	0	
27.07.2020 11:46:30,436	0	1,592259	0	
27.07.2020 11:46:30,695	0	1,592259	0	
27.07.2020 11:46:30,965	0	1,592259	0	
27.07.2020 11:46:31,225	0	1,592259	0	
27.07.2020 11:46:31,484	0	1,592259	0	
27.07.2020 11:46:31,736	0	1,592259	0	
27.07.2020 11:46:32,6	0	1,592259	0	
27.07.2020 11:46:32,273	0	1,592259	0	
27.07.2020 11:46:32,527	0	1,592259	0	
27.07.2020 11:46:32,788	0	1,592259	0	
27.07.2020 11:46:33,61	0	1,592259	0	
27.07.2020 11:46:33,323	0	1,592259	0	
27.07.2020 11:46:33,585	0	1,592259	0	
27.07.2020 11:46:33,852	0	1,592259	0	
27.07.2020 11:46:34,114	0	1,592259	0	
27.07.2020 11:46:34,376	0	1,592259	0	
27.07.2020 11:46:34,645	0	1,592259	0	
27.07.2020 11:46:34,896	0	1,592259	0	
27.07.2020 11:46:35,163	0	1,592259	0	
27.07.2020 11:46:35,420	0	1,592259	0	
27.07.2020 11:46:35,672	0	1,592259	0	
27.07.2020 11:46:35,936	0	1,592259	0	
27.07.2020 11:46:36,204	0	1,592259	0	
27.07.2020 11:46:36,475	0	1,592259	0	
27.07.2020 11:46:36,745	0	1,592259	0	
27.07.2020 11:46:37,0	0	1,592259	0	
27.07.2020 11:46:37,251	0	1,592259	0	
27.07.2020 11:46:37,516	0	1,592259	0	
27.07.2020 11:46:37,783	0	1,592259	0	
27.07.2020 11:46:38,56	0	1,592259	0	
27.07.2020 11:46:38,317	0	1,592259	0	
27.07.2020 11:46:38,586	0	1,592259	0	
27.07.2020 11:46:38,851	0	1,592259	0	
27.07.2020 11:46:39,110	0,3736821	1,599501	0	
27.07.2020 11:46:39,364	0,9649882	1,609301	0	
27.07.2020 11:46:39,615	1,410282	1,617941	0	
27.07.2020 11:46:39,870	0,5208402	1,621249	0	
27.07.2020 11:46:40,145	0	1,621787	0	
27.07.2020 11:46:40,413	0	1,621787	0	
27.07.2020 11:46:40,686	0	1,621787	0	
27.07.2020 11:46:40,938	0	1,621787	0	
27.07.2020 11:46:41,207	0	1,621787	0	
27.07.2020 11:46:41,472	0	1,621787	0	
27.07.2020 11:46:41,742	0	1,621787	0	
27.07.2020 11:46:42,14	0	1,621787	0	
27.07.2020 11:46:42,279	0	1,621787	0	
27.07.2020 11:46:42,546	0	1,621787	0	
27.07.2020 11:46:42,798	0	1,621787	0	
27.07.2020 11:46:43,61	0	1,621787	0	
27.07.2020 11:46:43,326	0	1,621787	0	
27.07.2020 11:46:43,598	0	1,621787	0	
27.07.2020 11:46:43,859	0	1,621787	0	
27.07.2020 11:46:44,117	0	1,621787	0	
27.07.2020 11:46:44,387	0	1,621787	0	
27.07.2020 11:46:44,654	0	1,621787	0	
27.07.2020 11:46:44,918	0	1,621787	0	
27.07.2020 11:46:45,185	0	1,621787	0	
27.07.2020 11:46:45,445	0	1,621787	0	
27.07.2020 11:46:45,701	0	1,621787	0	
27.07.2020 11:46:45,958	0	1,621787	0	
27.07.2020 11:46:46,224	0	1,621787	0	
27.07.2020 11:46:46,487	0	1,621787	0	
27.07.2020 11:46:46,748	0	1,621787	0	
27.07.2020 11:46:47,1	0	1,621787	0	
27.07.2020 11:46:47,258	0	1,621787	0	
27.07.2020 11:46:47,511	0,06778497	1,622985	0	
27.07.2020 11:46:47,779	0,1733132	1,62424	0	
27.07.2020 11:46:48,36	0,195284	1,625112	0	
27.07.2020 11:46:48,296	0,1476376	1,625704	0	
27.07.2020 11:46:48,552	0,09097986	1,626106	0	
27.07.2020 11:46:48,807	0,08362737	1,626384	0	
27.07.2020 11:46:49,63	0,07710779	1,626749	0	
27.07.2020 11:46:49,320	1,075495	1,631943	0	
27.07.2020 11:46:49,571	1,618723	1,639639	0	
27.07.2020 11:46:49,828	1,619155	1,647589	0	
27.07.2020 11:46:50,85	1,588418	1,653707	0	
27.07.2020 11:46:50,340	1,250612	1,656663	0	
27.07.2020 11:46:50,596	0,6876981	1,657269	0	
27.07.2020 11:46:50,847	0	1,657269	0	
27.07.2020 11:46:51,108	0	1,657269	0	
27.07.2020 11:46:51,361	0	1,657269	0	
27.07.2020 11:46:51,619	0	1,657269	0	
27.07.2020 11:46:51,871	0	1,657269	0	
27.07.2020 11:46:52,125	0	1,657269	0	
27.07.2020 11:46:52,386	0	1,657269	0	
27.07.2020 11:46:52,656	0	1,657269	0	
27.07.2020 11:46:52,907	0	1,657269	0	
27.07.2020 11:46:53,162	0	1,657269	0	
27.07.2020 11:46:53,419	0	1,657269	0	
27.07.2020 11:46:53,674	0,04920118	1,658484	0	
27.07.2020 11:46:53,930	0,2382013	1,660548	0	
27.07.2020 11:46:54,186	0,3378575	1,662286	0	
27.07.2020 11:46:54,443	0,3314498	1,663591	0	
27.07.2020 11:46:54,698	0,2599351	1,664737	0	
27.07.2020 11:46:54,951	0,246556	1,665676	0	
27.07.2020 11:46:55,209	0,2225702	1,666532	0	
27.07.2020 11:46:55,462	0,1988655	1,667305	0	
27.07.2020 11:46:55,717	0,1964224	1,668166	0	
27.07.2020 11:46:55,972	0,2001328	1,669074	0	
27.07.2020 11:46:56,227	0,2063905	1,670013	0	
27.07.2020 11:46:56,485	0,2144002	1,670904	0	
27.07.2020 11:46:56,739	0,2202168	1,671886	0	
27.07.2020 11:46:56,994	0,2216914	1,672859	0	
27.07.2020 11:46:57,250	0,2224864	1,67383	0	
27.07.2020 11:46:57,506	0,2224138	1,674791	0	
27.07.2020 11:46:57,761	0,2212934	1,675667	0	
27.07.2020 11:46:58,16	0,220705	1,676618	0	
27.07.2020 11:46:58,273	0,2197492	1,67756	0	
27.07.2020 11:46:58,527	0,2193035	1,678507	0	
27.07.2020 11:46:58,785	0,2198017	1,679391	0	
27.07.2020 11:46:59,40	0,2199271	1,680349	0	
27.07.2020 11:46:59,294	0,2214094	1,681332	0	
27.07.2020 11:46:59,550	0,4055245	1,685544	0	
27.07.2020 11:46:59,806	0,9948331	1,693289	0	
27.07.2020 11:47:00,61	1,47113	1,700696	0	
27.07.2020 11:47:00,319	1,59594	1,708926	0	
27.07.2020 11:47:00,574	1,537877	1,714756	0	
27.07.2020 11:47:00,830	1,172985	1,717285	0	
27.07.2020 11:47:01,86	0,5966336	1,718092	0	
27.07.2020 11:47:01,344	0	1,718263	0	
27.07.2020 11:47:01,615	0	1,718263	0	
27.07.2020 11:47:01,880	0	1,718263	0	
27.07.2020 11:47:02,141	0	1,718263	0	
27.07.2020 11:47:02,408	0,1296011	1,72024	0	
27.07.2020 11:47:02,673	0,3176469	1,722585	0	
27.07.2020 11:47:02,940	0,4494145	1,724762	0	
27.07.2020 11:47:03,197	0,4539086	1,726663	0	
27.07.2020 11:47:03,462	0,4268179	1,728336	0	
27.07.2020 11:47:03,724	0,3832878	1,72986	0	
27.07.2020 11:47:03,981	0,3516574	1,731336	0	
27.07.2020 11:47:04,241	0,3485892	1,73294	0	
27.07.2020 11:47:04,502	0,349487	1,734356	0	
27.07.2020 11:47:04,755	0,3548647	1,735952	0	
27.07.2020 11:47:05,22	0,3625189	1,737716	0	
27.07.2020 11:47:05,295	0,3707336	1,739389	0	
27.07.2020 11:47:05,550	0,3771621	1,741076	0	
27.07.2020 11:47:05,823	0,3807142	1,742885	0	
27.07.2020 11:47:06,78	0,3832543	1,744438	0	
27.07.2020 11:47:06,348	0,3847392	1,746246	0	
27.07.2020 11:47:06,608	0,3858979	1,747928	0	
27.07.2020 11:47:06,876	0,3872619	1,749618	0	
27.07.2020 11:47:07,149	0,3881389	1,751439	0	
27.07.2020 11:47:07,420	0,390135	1,753149	0	
27.07.2020 11:47:07,682	0,3916254	1,754857	0	
27.07.2020 11:47:07,954	0,3925449	1,756698	0	
27.07.2020 11:47:08,224	0,3941816	1,758418	0	
27.07.2020 11:47:08,486	0,394088	1,760259	0	
27.07.2020 11:47:08,748	0,3950104	1,761979	0	
27.07.2020 11:47:09,9	0,3955628	1,763699	0	
27.07.2020 11:47:09,265	0,3963766	1,765292	0	
27.07.2020 11:47:09,530	0,3977452	1,767159	0	
27.07.2020 11:47:09,804	0,4965516	1,770675	0	
27.07.2020 11:47:10,76	1,000402	1,779081	0	
27.07.2020 11:47:10,327	1,41917	1,787188	0	
27.07.2020 11:47:10,584	1,598817	1,794879	0	
27.07.2020 11:47:10,855	1,604398	1,803073	0	
27.07.2020 11:47:11,106	1,340341	1,806426	0	
27.07.2020 11:47:11,364	0,8093406	1,807597	0	
27.07.2020 11:47:11,620	0	1,807793	0	
27.07.2020 11:47:11,882	0	1,807793	0	
27.07.2020 11:47:12,135	0	1,807793	0	
27.07.2020 11:47:12,407	0	1,807793	0	
27.07.2020 11:47:12,679	0,003472656	1,808406	0	
27.07.2020 11:47:12,954	0,2540791	1,811325	0	
27.07.2020 11:47:13,225	0,4642323	1,813985	0	
27.07.2020 11:47:13,482	0,6021296	1,816671	0	
27.07.2020 11:47:13,743	0,6088592	1,819505	0	
27.07.2020 11:47:14,9	0,6025554	1,821853	0	
27.07.2020 11:47:14,264	0,5932485	1,824342	0	
27.07.2020 11:47:14,533	0,5850106	1,826995	0	
27.07.2020 11:47:14,798	0,5790135	1,829457	0	
27.07.2020 11:47:15,66	0,5770012	1,832133	0	
27.07.2020 11:47:15,326	0,577411	1,834646	0	
27.07.2020 11:47:15,585	0,580326	1,836995	0	
27.07.2020 11:47:15,836	0,5830685	1,839548	0	
27.07.2020 11:47:16,107	0,5853558	1,842304	0	
27.07.2020 11:47:16,358	0,5878617	1,844878	0	
27.07.2020 11:47:16,630	0,5902878	1,847453	0	
27.07.2020 11:47:16,892	0,592181	1,850036	0	
27.07.2020 11:47:17,153	0,5940211	1,852627	0	
27.07.2020 11:47:17,407	0,5951311	1,855019	0	
27.07.2020 11:47:17,678	0,5978284	1,857839	0	
27.07.2020 11:47:17,931	0,6001023	1,860457	0	
27.07.2020 11:47:18,204	0,602369	1,863085	0	
27.07.2020 11:47:18,476	0,6049003	1,865931	0	
27.07.2020 11:47:18,744	0,6062229	1,868571	0	
27.07.2020 11:47:19,6	0,6081114	1,871226	0	
27.07.2020 11:47:19,265	0,6096132	1,874083	0	
27.07.2020 11:47:19,525	0,6112291	1,876746	0	
27.07.2020 11:47:19,795	0,6130502	1,879417	0	
27.07.2020 11:47:20,49	0,6406705	1,883082	0	
27.07.2020 11:47:20,319	1,061619	1,891554	0	
27.07.2020 11:47:20,583	1,408637	1,899133	0	
27.07.2020 11:47:20,855	1,599863	1,908245	0	
27.07.2020 11:47:21,128	1,607089	1,916991	0	
27.07.2020 11:47:21,388	1,598833	1,924893	0	
27.07.2020 11:47:21,642	1,288671	1,927811	0	
27.07.2020 11:47:21,896	0,8166623	1,929281	0	
27.07.2020 11:47:22,161	0,2268835	1,930085	0	
27.07.2020 11:47:22,421	0,2413138	1,931005	0	
27.07.2020 11:47:22,681	0,2860198	1,932448	0	
27.07.2020 11:47:22,936	0,3552985	1,934475	0	
27.07.2020 11:47:23,204	0,5012973	1,936933	0	
27.07.2020 11:47:23,459	0,6301256	1,939635	0	
27.07.2020 11:47:23,721	0,6359408	1,942661	0	
27.07.2020 11:47:23,985	0,6399999	1,945248	0	
27.07.2020 11:47:24,240	0,6390111	1,948001	0	
27.07.2020 11:47:24,498	0,6353289	1,950714	0	
27.07.2020 11:47:24,762	0,6299129	1,953406	0	
27.07.2020 11:47:25,30	0,6390317	1,956537	0	
27.07.2020 11:47:25,284	0,6888144	1,959908	0	
27.07.2020 11:47:25,552	0,7989033	1,963743	0	
27.07.2020 11:47:25,820	0,9480999	1,967891	0	
27.07.2020 11:47:26,82	0,9648218	1,972543	0	
27.07.2020 11:47:26,342	0,9790147	1,976909	0	
27.07.2020 11:47:26,611	0,9864461	1,981232	0	
27.07.2020 11:47:26,865	0,9873243	1,985508	0	
27.07.2020 11:47:27,127	0,9843956	1,989742	0	
27.07.2020 11:47:27,382	0,9797882	1,993621	0	
27.07.2020 11:47:27,633	0,9765351	1,997825	0	
27.07.2020 11:47:27,889	0,9749268	2,002039	0	
27.07.2020 11:47:28,143	0,9750502	2,00627	0	
27.07.2020 11:47:28,412	0,9766961	2,010514	0	
27.07.2020 11:47:28,664	0,9779752	2,014437	0	
27.07.2020 11:47:28,931	0,980333	2,019038	0	
27.07.2020 11:47:29,193	0,9830807	2,023326	0	
27.07.2020 11:47:29,461	0,986192	2,027626	0	
27.07.2020 11:47:29,720	0,9896401	2,031943	0	
27.07.2020 11:47:29,974	0,9916424	2,036258	0	
27.07.2020 11:47:30,240	0,9945596	2,04062	0	
27.07.2020 11:47:30,510	1,168146	2,048099	0	
27.07.2020 11:47:30,762	1,395523	2,055991	0	
27.07.2020 11:47:31,14	1,557037	2,063519	0	
27.07.2020 11:47:31,278	1,591185	2,071919	0	
27.07.2020 11:47:31,549	1,601525	2,081237	0	
27.07.2020 11:47:31,807	1,607772	2,090189	0	
27.07.2020 11:47:32,68	1,611907	2,098696	0	
27.07.2020 11:47:32,328	1,604687	2,10687	0	
27.07.2020 11:47:32,594	1,330822	2,110401	0	
27.07.2020 11:47:32,860	0,9045739	2,112859	0	
27.07.2020 11:47:33,126	0,5862257	2,115435	0	
27.07.2020 11:47:33,382	0,6178886	2,118324	0	
27.07.2020 11:47:33,643	0,6932504	2,121567	0	
27.07.2020 11:47:33,907	0,8359118	2,125901	0	
27.07.2020 11:47:34,174	1,015085	2,130254	0	
27.07.2020 11:47:34,441	1,023853	2,134748	0	
27.07.2020 11:47:34,709	1,029886	2,139607	0	
27.07.2020 11:47:34,961	1,032428	2,144098	0	
27.07.2020 11:47:35,231	1,030898	2,148203	0	
27.07.2020 11:47:35,494	1,02681	2,152955	0	
27.07.2020 11:47:35,766	1,02363	2,157704	0	
27.07.2020 11:47:36,32	1,02224	2,162122	0	
27.07.2020 11:47:36,300	1,023069	2,166571	0	
27.07.2020 11:47:36,573	1,025224	2,171378	0	
27.07.2020 11:47:36,824	1,028424	2,17552	0	
27.07.2020 11:47:37,94	1,03235	2,180371	0	
27.07.2020 11:47:37,353	1,035014	2,184881	0	
27.07.2020 11:47:37,620	1,037999	2,189405	0	
27.07.2020 11:47:37,891	1,040138	2,19428	0	
27.07.2020 11:47:38,161	1,041745	2,198808	0	
27.07.2020 11:47:38,428	1,043989	2,203696	0	
27.07.2020 11:47:38,691	1,044968	2,208231	0	
27.07.2020 11:47:38,959	1,046112	2,212777	0	
27.07.2020 11:47:39,227	1,04713	2,217674	0	
27.07.2020 11:47:39,492	1,048078	2,222226	0	
27.07.2020 11:47:39,751	1,049932	2,226788	0	
27.07.2020 11:47:40,7	1,050689	2,231348	0	
27.07.2020 11:47:40,271	1,05159	2,235915	0	
27.07.2020 11:47:40,531	1,052341	2,240142	0	
27.07.2020 11:47:40,789	1,190595	2,247472	0	
27.07.2020 11:47:41,42	1,394323	2,254774	0	
27.07.2020 11:47:41,311	1,556776	2,263575	0	
27.07.2020 11:47:41,568	1,59215	2,271348	0	
27.07.2020 11:47:41,837	1,601568	2,280703	0	
27.07.2020 11:47:42,104	1,608182	2,289646	0	
27.07.2020 11:47:42,369	1,612179	2,299587	0	
27.07.2020 11:47:42,636	1,614823	2,308012	0	
27.07.2020 11:47:42,903	1,375961	2,312193	0	
27.07.2020 11:47:43,153	0,9924295	2,314371	0	
27.07.2020 11:47:43,414	0,5394253	2,316215	0	
27.07.2020 11:47:43,673	0,4453918	2,318197	0	
27.07.2020 11:47:43,928	0,4835402	2,320631	0	
27.07.2020 11:47:44,188	0,5830096	2,323329	0	
27.07.2020 11:47:44,458	0,7546358	2,326882	0	
27.07.2020 11:47:44,729	0,7976518	2,330394	0	
27.07.2020 11:47:44,999	0,8095851	2,334281	0	
27.07.2020 11:47:45,271	0,8173748	2,33816	0	
27.07.2020 11:47:45,542	0,820227	2,341732	0	
27.07.2020 11:47:45,795	0,8196989	2,345271	0	
27.07.2020 11:47:46,47	0,8172529	2,348792	0	
27.07.2020 11:47:46,300	0,8163894	2,352326	0	
27.07.2020 11:47:46,554	0,8163122	2,356137	0	
27.07.2020 11:47:46,825	0,8169284	2,359413	0	
27.07.2020 11:47:47,89	0,8190686	2,36298	0	
27.07.2020 11:47:47,359	0,8214307	2,366558	0	
27.07.2020 11:47:47,623	0,8235574	2,370426	0	
27.07.2020 11:47:47,879	0,8256354	2,374023	0	
27.07.2020 11:47:48,148	0,827243	2,377345	0	
27.07.2020 11:47:48,417	0,82853	2,381219	0	
27.07.2020 11:47:48,680	0,8289181	2,384813	0	
27.07.2020 11:47:48,946	0,8297091	2,388419	0	
27.07.2020 11:47:49,205	0,830274	2,392297	0	
27.07.2020 11:47:49,459	0,8304291	2,395899	0	
27.07.2020 11:47:49,715	0,8313833	2,399235	0	
27.07.2020 11:47:49,974	0,8315684	2,402838	0	
27.07.2020 11:47:50,225	0,8319753	2,406168	0	
27.07.2020 11:47:50,483	0,8318436	2,410047	0	
27.07.2020 11:47:50,736	0,831126	2,413366	0	
27.07.2020 11:47:50,997	0,8807738	2,418303	0	
27.07.2020 11:47:51,264	1,217255	2,426603	0	
27.07.2020 11:47:51,514	1,459526	2,433962	0	
27.07.2020 11:47:51,768	1,597581	2,442178	0	
27.07.2020 11:47:52,22	1,605162	2,449968	0	
27.07.2020 11:47:52,285	1,61018	2,458635	0	
27.07.2020 11:47:52,537	1,613291	2,467319	0	
27.07.2020 11:47:52,806	1,451823	2,47203	0	
27.07.2020 11:47:53,71	1,039255	2,474608	0	
27.07.2020 11:47:53,338	0,5580034	2,476199	0	
27.07.2020 11:47:53,602	0,3862255	2,477874	0	
27.07.2020 11:47:53,874	0,4281955	2,480259	0	
27.07.2020 11:47:54,128	0,5405521	2,483076	0	
27.07.2020 11:47:54,395	0,7432154	2,486332	0	
27.07.2020 11:47:54,657	0,7900145	2,489823	0	
27.07.2020 11:47:54,917	0,8021139	2,49341	0	
27.07.2020 11:47:55,185	0,8116301	2,496998	0	
27.07.2020 11:47:55,443	0,8140892	2,500544	0	
27.07.2020 11:47:55,695	0,8138506	2,504065	0	
27.07.2020 11:47:55,950	0,8111228	2,50755	0	
27.07.2020 11:47:56,209	0,8089129	2,511038	0	
27.07.2020 11:47:56,465	0,808655	2,514272	0	
27.07.2020 11:47:56,737	0,8088053	2,518049	0	
27.07.2020 11:47:57,3	0,801595	2,52143	0	
27.07.2020 11:47:57,271	0,7591619	2,524602	0	
27.07.2020 11:47:57,534	0,6667206	2,527112	0	
27.07.2020 11:47:57,804	0,5071707	2,529332	0	
27.07.2020 11:47:58,75	0,4867656	2,53157	0	
27.07.2020 11:47:58,347	0,4839358	2,533654	0	
27.07.2020 11:47:58,605	0,4868774	2,535798	0	
27.07.2020 11:47:58,858	0,4947572	2,538028	0	
27.07.2020 11:47:59,122	0,5098221	2,540508	0	
27.07.2020 11:47:59,374	0,5199482	2,542671	0	
27.07.2020 11:47:59,630	0,5285681	2,545039	0	
27.07.2020 11:47:59,898	0,5343056	2,547402	0	
27.07.2020 11:48:00,158	0,5376668	2,549764	0	
27.07.2020 11:48:00,421	0,5406959	2,552126	0	
27.07.2020 11:48:00,689	0,5419323	2,554663	0	
27.07.2020 11:48:00,962	0,5434176	2,557034	0	
27.07.2020 11:48:01,214	0,5481912	2,559698	0	
27.07.2020 11:48:01,468	0,8852135	2,566734	0	
27.07.2020 11:48:01,736	1,286039	2,574661	0	
27.07.2020 11:48:02,2	1,584949	2,5828	0	
27.07.2020 11:48:02,261	1,60418	2,591158	0	
27.07.2020 11:48:02,530	1,608028	2,599358	0	
27.07.2020 11:48:02,799	1,317241	2,602829	0	
27.07.2020 11:48:03,52	0,8486912	2,60431	0	
27.07.2020 11:48:03,311	0,2680597	2,604938	0	
27.07.2020 11:48:03,566	0,1273425	2,605489	0	
27.07.2020 11:48:03,835	0,1574504	2,606485	0	
27.07.2020 11:48:04,106	0,2675393	2,608216	0	
27.07.2020 11:48:04,371	0,4440197	2,610108	0	
27.07.2020 11:48:04,641	0,5216936	2,612582	0	
27.07.2020 11:48:04,896	0,5316155	2,614983	0	
27.07.2020 11:48:05,147	0,5400738	2,617384	0	
27.07.2020 11:48:05,399	0,541315	2,619552	0	
27.07.2020 11:48:05,652	0,5393807	2,621867	0	
27.07.2020 11:48:05,921	0,5347002	2,624143	0	
27.07.2020 11:48:06,178	0,5310808	2,626585	0	
27.07.2020 11:48:06,440	0,5289961	2,628685	0	
27.07.2020 11:48:06,694	0,5282531	2,630967	0	
27.07.2020 11:48:06,948	0,5296032	2,633283	0	
27.07.2020 11:48:07,217	0,531719	2,635785	0	
27.07.2020 11:48:07,470	0,5332739	2,637934	0	
27.07.2020 11:48:07,733	0,5355431	2,640274	0	
27.07.2020 11:48:07,984	0,5366032	2,642606	0	
27.07.2020 11:48:08,251	0,5378699	2,644769	0	
27.07.2020 11:48:08,516	0,5389502	2,647295	0	
27.07.2020 11:48:08,790	0,5393218	2,649816	0	
27.07.2020 11:48:09,52	0,54025	2,652165	0	
27.07.2020 11:48:09,320	0,5403458	2,654506	0	
27.07.2020 11:48:09,588	0,5410267	2,657036	0	
27.07.2020 11:48:09,860	0,5414072	2,659385	0	
27.07.2020 11:48:10,129	0,5407533	2,661907	0	
27.07.2020 11:48:10,399	0,5418055	2,66426	0	
27.07.2020 11:48:10,657	0,541391	2,666602	0	
27.07.2020 11:48:10,919	0,5415075	2,669129	0	
27.07.2020 11:48:11,179	0,5412208	2,671292	0	
27.07.2020 11:48:11,443	0,5408518	2,673652	0	
27.07.2020 11:48:11,703	0,773764	2,679846	0	
27.07.2020 11:48:11,956	1,167259	2,687065	0	
27.07.2020 11:48:12,217	1,512189	2,6951	0	
27.07.2020 11:48:12,485	1,601896	2,704026	0	
27.07.2020 11:48:12,741	1,608018	2,71226	0	
27.07.2020 11:48:12,997	1,472626	2,716389	0	
27.07.2020 11:48:13,254	1,035143	2,718413	0	
27.07.2020 11:48:13,524	0,4118313	2,719271	0	
27.07.2020 11:48:13,785	0,11912	2,719783	0	
27.07.2020 11:48:14,56	0,1385169	2,720597	0	
27.07.2020 11:48:14,322	0,2269705	2,722141	0	
27.07.2020 11:48:14,589	0,3924252	2,723916	0	
27.07.2020 11:48:14,855	0,5113705	2,726291	0	
27.07.2020 11:48:15,126	0,5125351	2,728667	0	
27.07.2020 11:48:15,398	0,4978997	2,730665	0	
27.07.2020 11:48:15,659	0,4584022	2,732464	0	
27.07.2020 11:48:15,912	0,4053255	2,73411	0	
27.07.2020 11:48:16,180	0,3705305	2,735698	0	
27.07.2020 11:48:16,432	0,3703484	2,737304	0	
27.07.2020 11:48:16,700	0,3721355	2,739061	0	
27.07.2020 11:48:16,963	0,3776414	2,740626	0	
27.07.2020 11:48:17,217	0,3842788	2,742359	0	
27.07.2020 11:48:17,471	0,3911724	2,744121	0	
27.07.2020 11:48:17,737	0,3980086	2,745906	0	
27.07.2020 11:48:18,2	0,4027061	2,747684	0	
27.07.2020 11:48:18,253	0,4052574	2,749463	0	
27.07.2020 11:48:18,523	0,4073643	2,751381	0	
27.07.2020 11:48:18,792	0,4081548	2,753161	0	
27.07.2020 11:48:19,55	0,4095911	2,75495	0	
27.07.2020 11:48:19,326	0,4105581	2,756871	0	
27.07.2020 11:48:19,584	0,4111615	2,758521	0	
27.07.2020 11:48:19,850	0,4122279	2,760454	0	
27.07.2020 11:48:20,109	0,4125788	2,762247	0	
27.07.2020 11:48:20,380	0,413491	2,764048	0	
27.07.2020 11:48:20,648	0,4134305	2,765973	0	
27.07.2020 11:48:20,919	0,4130345	2,767759	0	
27.07.2020 11:48:21,181	0,4129147	2,769548	0	
27.07.2020 11:48:21,449	0,4123123	2,771472	0	
27.07.2020 11:48:21,709	0,4129369	2,773271	0	
27.07.2020 11:48:21,975	0,57207	2,777916	0	
27.07.2020 11:48:22,233	1,069252	2,785578	0	
27.07.2020 11:48:22,484	1,465707	2,79349	0	
27.07.2020 11:48:22,740	1,600051	2,800971	0	
27.07.2020 11:48:22,993	1,606371	2,808513	0	
27.07.2020 11:48:23,253	1,3654	2,812129	0	
27.07.2020 11:48:23,521	0,7993906	2,813534	0	
27.07.2020 11:48:23,778	0,2112126	2,813793	0	
27.07.2020 11:48:24,45	0	2,813793	0	
27.07.2020 11:48:24,307	0	2,813793	0	
27.07.2020 11:48:24,574	0	2,813793	0	
27.07.2020 11:48:24,826	0,03014426	2,814611	0	
27.07.2020 11:48:25,80	0,2632127	2,817232	0	
27.07.2020 11:48:25,344	0,4305225	2,819817	0	
27.07.2020 11:48:25,595	0,4831629	2,821784	0	
27.07.2020 11:48:25,847	0,4678544	2,823509	0	
27.07.2020 11:48:26,98	0,4328411	2,825164	0	
27.07.2020 11:48:26,362	0,3794101	2,826833	0	
27.07.2020 11:48:26,615	0,3600741	2,828259	0	
27.07.2020 11:48:26,875	0,3607321	2,829835	0	
27.07.2020 11:48:27,131	0,365534	2,831473	0	
27.07.2020 11:48:27,394	0,3722636	2,833152	0	
27.07.2020 11:48:27,664	0,3801551	2,834865	0	
27.07.2020 11:48:27,918	0,3868731	2,836605	0	
27.07.2020 11:48:28,174	0,3916017	2,838341	0	
27.07.2020 11:48:28,434	0,3954987	2,840089	0	
27.07.2020 11:48:28,704	0,3975049	2,841825	0	
27.07.2020 11:48:28,966	0,3984969	2,843699	0	
27.07.2020 11:48:29,217	0,4002585	2,845316	0	
27.07.2020 11:48:29,469	0,4013683	2,847063	0	
27.07.2020 11:48:29,736	0,4026719	2,848819	0	
27.07.2020 11:48:29,997	0,3997015	2,850496	0	
27.07.2020 11:48:30,249	0,3786148	2,85196	0	
27.07.2020 11:48:30,507	0,3332699	2,853128	0	
27.07.2020 11:48:30,761	0,2573807	2,854236	0	
27.07.2020 11:48:31,12	0,2416639	2,855271	0	
27.07.2020 11:48:31,267	0,2407349	2,856308	0	
27.07.2020 11:48:31,538	0,2419618	2,857372	0	
27.07.2020 11:48:31,794	0,2460219	2,858482	0	
27.07.2020 11:48:32,51	0,2516671	2,859648	0	
27.07.2020 11:48:32,306	0,5362504	2,864687	0	
27.07.2020 11:48:32,577	1,172019	2,872621	0	
27.07.2020 11:48:32,835	1,608888	2,880788	0	
27.07.2020 11:48:33,95	1,618989	2,888999	0	
27.07.2020 11:48:33,356	1,462887	2,893393	0	
27.07.2020 11:48:33,608	0,9762993	2,894835	0	
27.07.2020 11:48:33,866	0	2,895041	0	
27.07.2020 11:48:34,138	0	2,895041	0	
27.07.2020 11:48:34,400	0	2,895041	0	
27.07.2020 11:48:34,671	0	2,895041	0	
27.07.2020 11:48:34,924	0	2,895041	0	
27.07.2020 11:48:35,193	0	2,895041	0	
27.07.2020 11:48:35,455	0	2,895041	0	
27.07.2020 11:48:35,720	0	2,895179	0	
27.07.2020 11:48:35,973	0,1839124	2,89763	0	
27.07.2020 11:48:36,228	0,3258401	2,899617	0	
27.07.2020 11:48:36,489	0,372476	2,901276	0	
27.07.2020 11:48:36,746	0,3537058	2,902609	0	
27.07.2020 11:48:37,19	0,3026101	2,903702	0	
27.07.2020 11:48:37,272	0,246103	2,904685	0	
27.07.2020 11:48:37,539	0,2229207	2,90573	0	
27.07.2020 11:48:37,795	0,2251651	2,906661	0	
27.07.2020 11:48:38,47	0,2323263	2,907644	0	
27.07.2020 11:48:38,302	0,2439377	2,908746	0	
27.07.2020 11:48:38,564	0,2580416	2,909978	0	
27.07.2020 11:48:38,822	0,262012	2,911046	0	
27.07.2020 11:48:39,84	0,2539646	2,91206	0	
27.07.2020 11:48:39,354	0,2225453	2,912894	0	
27.07.2020 11:48:39,610	0,158527	2,913401	0	
27.07.2020 11:48:39,871	0,08855568	2,913834	0	
27.07.2020 11:48:40,145	0,08453126	2,914204	0	
27.07.2020 11:48:40,400	0,08173359	2,914521	0	
27.07.2020 11:48:40,651	0,08384972	2,914911	0	
27.07.2020 11:48:40,929	0,09276708	2,915397	0	
27.07.2020 11:48:41,192	0,1088301	2,9159	0	
27.07.2020 11:48:41,463	0,1212552	2,916434	0	
27.07.2020 11:48:41,727	0,1216948	2,917005	0	
27.07.2020 11:48:41,981	0,1219237	2,917495	0	
27.07.2020 11:48:42,242	0,1214847	2,918016	0	
27.07.2020 11:48:42,496	0,1468041	2,919508	0	
27.07.2020 11:48:42,750	0,7054988	2,926688	0	
27.07.2020 11:48:43,21	1,317106	2,934574	0	
27.07.2020 11:48:43,281	1,618701	2,942622	0	
27.07.2020 11:48:43,550	1,471592	2,947704	0	
27.07.2020 11:48:43,803	0,9832803	2,949187	0	
27.07.2020 11:48:44,54	0	2,949279	0	
27.07.2020 11:48:44,309	0	2,949279	0	
27.07.2020 11:48:44,565	0	2,949279	0	
27.07.2020 11:48:44,820	0	2,949279	0	
27.07.2020 11:48:45,89	0	2,949279	0	
27.07.2020 11:48:45,356	0	2,949279	0	
27.07.2020 11:48:45,612	0	2,949279	0	
27.07.2020 11:48:45,880	0	2,949279	0	
27.07.2020 11:48:46,131	0	2,949279	0	
27.07.2020 11:48:46,382	0	2,949279	0	
27.07.2020 11:48:46,647	0	2,949279	0	
27.07.2020 11:48:46,916	0	2,949279	0	
27.07.2020 11:48:47,167	0	2,949279	0	
27.07.2020 11:48:47,436	0	2,949279	0	
27.07.2020 11:48:47,705	0	2,949279	0	
27.07.2020 11:48:47,973	0	2,949279	0	
27.07.2020 11:48:48,244	0	2,949279	0	
27.07.2020 11:48:48,504	0	2,949279	0	
27.07.2020 11:48:48,762	0,1177	2,950949	0	
27.07.2020 11:48:49,18	0,2094223	2,952302	0	
27.07.2020 11:48:49,280	0,2306515	2,953235	0	
27.07.2020 11:48:49,534	0,1735076	2,953941	0	
27.07.2020 11:48:49,805	0,1026593	2,954472	0	
27.07.2020 11:48:50,77	0,08978032	2,954788	0	
27.07.2020 11:48:50,332	0,06935944	2,954965	0	
27.07.2020 11:48:50,584	0	2,955011	0	
27.07.2020 11:48:50,836	0	2,955011	0	
27.07.2020 11:48:51,101	0	2,955011	0	
27.07.2020 11:48:51,372	0	2,955036	0	
27.07.2020 11:48:51,623	0,002319441	2,955096	0	
27.07.2020 11:48:51,893	0,005061391	2,955192	0	
27.07.2020 11:48:52,153	0,01714521	2,955312	0	
27.07.2020 11:48:52,407	0,03405024	2,955461	0	
27.07.2020 11:48:52,662	0,04656304	2,955679	0	
27.07.2020 11:48:52,924	0,3004004	2,960071	0	
27.07.2020 11:48:53,185	0,9411609	2,967807	0	
27.07.2020 11:48:53,443	1,458349	2,975761	0	
27.07.2020 11:48:53,694	1,285841	2,981567	0	
27.07.2020 11:48:53,946	0,4534326	2,984122	0	
27.07.2020 11:48:54,209	0	2,98466	0	
27.07.2020 11:48:54,468	0	2,98466	0	
27.07.2020 11:48:54,731	0	2,98466	0	
27.07.2020 11:48:54,989	0	2,98466	0	
27.07.2020 11:48:55,247	0	2,98466	0	
27.07.2020 11:48:55,501	0	2,98466	0	
27.07.2020 11:48:55,755	0	2,98466	0	
27.07.2020 11:48:56,8	0	2,98466	0	
27.07.2020 11:48:56,276	0	2,98466	0	
27.07.2020 11:48:56,546	0	2,98466	0	
27.07.2020 11:48:56,815	0	2,98466	0	
27.07.2020 11:48:57,87	0	2,98466	0	
27.07.2020 11:48:57,344	0	2,98466	0	
27.07.2020 11:48:57,599	0	2,98466	0	
27.07.2020 11:48:57,870	0	2,98466	0	
27.07.2020 11:48:58,121	0	2,98466	0	
27.07.2020 11:48:58,381	0	2,98466	0	
27.07.2020 11:48:58,654	0	2,98466	0	
27.07.2020 11:48:58,910	0	2,98466	0	
27.07.2020 11:48:59,164	0	2,98466	0	
27.07.2020 11:48:59,423	0	2,98466	0	
27.07.2020 11:48:59,690	0	2,98466	0	
27.07.2020 11:48:59,942	0	2,98466	0	
27.07.2020 11:49:00,205	0	2,98466	0	
27.07.2020 11:49:00,465	0	2,98466	0	
27.07.2020 11:49:00,724	0	2,98466	0	
27.07.2020 11:49:00,985	0	2,98466	0	
27.07.2020 11:49:01,251	0	2,98466	0	
27.07.2020 11:49:01,510	0	2,98466	0	
27.07.2020 11:49:01,767	0	2,98466	0	
27.07.2020 11:49:02,36	0	2,98466	0	
27.07.2020 11:49:02,289	0	2,98466	0	
27.07.2020 11:49:02,557	0	2,98466	0	
27.07.2020 11:49:02,816	0	2,98466	0	
27.07.2020 11:49:03,73	0	2,98466	0	
27.07.2020 11:49:03,327	0,2852537	2,9908	0	
27.07.2020 11:49:03,579	0,8878329	3,000952	0	
27.07.2020 11:49:03,844	1,382682	3,009884	0	
27.07.2020 11:49:04,98	0,4525861	3,013051	0	
27.07.2020 11:49:04,353	0	3,013302	0	
27.07.2020 11:49:04,612	0	3,013302	0	
27.07.2020 11:49:04,886	0	3,013302	0	
27.07.2020 11:49:05,145	0	3,013302	0	
27.07.2020 11:49:05,411	0	3,013302	0	
27.07.2020 11:49:05,669	0	3,013302	0	
27.07.2020 11:49:05,935	0	3,013302	0	
27.07.2020 11:49:06,206	0	3,013302	0	
27.07.2020 11:49:06,457	0	3,013302	0	
27.07.2020 11:49:06,720	0	3,013302	0	
27.07.2020 11:49:06,990	0	3,013302	0	
27.07.2020 11:49:07,261	0	3,013302	0	
27.07.2020 11:49:07,534	0	3,013302	0	
27.07.2020 11:49:07,793	0	3,013302	0	
27.07.2020 11:49:08,60	0	3,013302	0	
27.07.2020 11:49:08,331	0	3,013302	0	
27.07.2020 11:49:08,600	0	3,013302	0	
27.07.2020 11:49:08,863	0	3,013302	0	
27.07.2020 11:49:09,131	0	3,013302	0	
27.07.2020 11:49:09,393	0	3,013302	0	
27.07.2020 11:49:09,651	0	3,013302	0	
27.07.2020 11:49:09,902	0	3,013302	0	
27.07.2020 11:49:10,157	0	3,013302	0	
27.07.2020 11:49:10,427	0	3,013302	0	
27.07.2020 11:49:10,692	0	3,013302	0	
27.07.2020 11:49:10,954	0	3,013302	0	
27.07.2020 11:49:11,215	0	3,013302	0	
27.07.2020 11:49:11,478	0	3,013302	0	
27.07.2020 11:49:11,737	0	3,013302	0	
27.07.2020 11:49:11,990	0	3,013302	0	
27.07.2020 11:49:12,243	0	3,013302	0	
27.07.2020 11:49:12,496	0	3,013302	0	
27.07.2020 11:49:12,747	0	3,013302	0	
27.07.2020 11:49:12,998	0	3,013302	0	
27.07.2020 11:49:13,249	0	3,013302	0	
27.07.2020 11:49:13,503	0,001496791	3,013628	0	
27.07.2020 11:49:13,777	0,5671383	3,023874	0	
27.07.2020 11:49:14,47	1,162279	3,034781	0	
27.07.2020 11:49:14,304	1,062464	3,040668	0	
27.07.2020 11:49:14,556	0,1214533	3,041867	0	
27.07.2020 11:49:14,821	0	3,041867	0	
27.07.2020 11:49:15,88	0	3,041867	0	
27.07.2020 11:49:15,339	0	3,041867	0	
27.07.2020 11:49:15,612	0	3,041867	0	
27.07.2020 11:49:15,884	0	3,041867	0	
27.07.2020 11:49:16,150	0	3,041867	0	
27.07.2020 11:49:16,409	0	3,041867	0	
27.07.2020 11:49:16,668	0	3,041867	0	
27.07.2020 11:49:16,919	0	3,041867	0	
27.07.2020 11:49:17,181	0	3,041867	0	
27.07.2020 11:49:17,436	0	3,041867	0	
27.07.2020 11:49:17,700	0	3,041867	0	
27.07.2020 11:49:17,962	0	3,041867	0	
27.07.2020 11:49:18,231	0	3,041867	0	
27.07.2020 11:49:18,501	0	3,041867	0	
27.07.2020 11:49:18,769	0	3,041867	0	
27.07.2020 11:49:19,27	0	3,041867	0	
27.07.2020 11:49:19,290	0	3,041867	0	
27.07.2020 11:49:19,552	0	3,041867	0	
27.07.2020 11:49:19,804	0	3,041867	0	
27.07.2020 11:49:20,59	0	3,041867	0	
27.07.2020 11:49:20,316	0	3,041867	0	
27.07.2020 11:49:20,589	0	3,041867	0	
27.07.2020 11:49:20,854	0	3,041867	0	
27.07.2020 11:49:21,119	0	3,041867	0	
27.07.2020 11:49:21,391	0	3,041867	0	
27.07.2020 11:49:21,660	0	3,041867	0	
27.07.2020 11:49:21,919	0	3,041867	0	
27.07.2020 11:49:22,172	0	3,041867	0	
27.07.2020 11:49:22,429	0	3,041867	0	
27.07.2020 11:49:22,692	0	3,041867	0	
27.07.2020 11:49:22,956	0	3,041867	0	
27.07.2020 11:49:23,217	0	3,041867	0	
27.07.2020 11:49:23,469	0	3,041867	0	
27.07.2020 11:49:23,727	0	3,041867	0	
27.07.2020 11:49:23,994	0,3479541	3,048823	0	
27.07.2020 11:49:24,267	0,9771795	3,05948	0	
27.07.2020 11:49:24,537	1,439913	3,068115	0	
27.07.2020 11:49:24,796	0,3529314	3,070511	0	
27.07.2020 11:49:25,50	0	3,070668	0	
27.07.2020 11:49:25,310	0	3,070668	0	
27.07.2020 11:49:25,576	0	3,070668	0	
27.07.2020 11:49:25,836	0	3,070668	0	
27.07.2020 11:49:26,99	0	3,070668	0	
27.07.2020 11:49:26,357	0	3,070668	0	
27.07.2020 11:49:26,609	0	3,070668	0	
27.07.2020 11:49:26,872	0	3,070668	0	
27.07.2020 11:49:27,124	0	3,070668	0	
27.07.2020 11:49:27,375	0	3,070668	0	
27.07.2020 11:49:27,640	0	3,070668	0	
27.07.2020 11:49:27,904	0	3,070668	0	
27.07.2020 11:49:28,170	0	3,070668	0	
27.07.2020 11:49:28,440	0	3,070668	0	
27.07.2020 11:49:28,708	0	3,070668	0	
27.07.2020 11:49:28,961	0	3,070668	0	
27.07.2020 11:49:29,222	0	3,070668	0	
27.07.2020 11:49:29,483	0	3,070668	0	
27.07.2020 11:49:29,734	0	3,070668	0	
27.07.2020 11:49:29,984	0	3,070668	0	
27.07.2020 11:49:30,237	0	3,070668	0	
27.07.2020 11:49:30,492	0	3,070668	0	
27.07.2020 11:49:30,759	0	3,070668	0	
27.07.2020 11:49:31,11	0	3,070668	0	
27.07.2020 11:49:31,272	0	3,070668	0	
27.07.2020 11:49:31,541	0	3,070668	0	
27.07.2020 11:49:31,796	0	3,070668	0	
27.07.2020 11:49:32,49	0	3,070668	0	
27.07.2020 11:49:32,320	0	3,070668	0	
27.07.2020 11:49:32,584	0	3,070668	0	
27.07.2020 11:49:32,850	0	3,070668	0	
27.07.2020 11:49:33,120	0	3,070668	0	
27.07.2020 11:49:33,378	0	3,070668	0	
27.07.2020 11:49:33,631	0	3,070668	0	
27.07.2020 11:49:33,885	0	3,070668	0	
27.07.2020 11:49:34,149	0,009339455	3,072063	0	
27.07.2020 11:49:34,413	0,6141301	3,081775	0	
27.07.2020 11:49:34,676	1,162831	3,091666	0	
27.07.2020 11:49:34,938	1,290156	3,098131	0	
27.07.2020 11:49:35,209	0,1078114	3,099465	0	
27.07.2020 11:49:35,464	0	3,099465	0	
27.07.2020 11:49:35,720	0	3,099465	0	
27.07.2020 11:49:35,976	0	3,099465	0	
27.07.2020 11:49:36,236	0	3,099465	0	
27.07.2020 11:49:36,499	0	3,099465	0	
27.07.2020 11:49:36,757	0	3,099465	0	
27.07.2020 11:49:37,23	0	3,099465	0	
27.07.2020 11:49:37,274	0	3,099465	0	
27.07.2020 11:49:37,537	0	3,099465	0	
27.07.2020 11:49:37,808	0	3,099465	0	
27.07.2020 11:49:38,74	0	3,099465	0	
27.07.2020 11:49:38,331	0	3,099465	0	
27.07.2020 11:49:38,592	0	3,099465	0	
27.07.2020 11:49:38,845	0	3,099465	0	
27.07.2020 11:49:39,116	0	3,099465	0	
27.07.2020 11:49:39,381	0	3,099465	0	
27.07.2020 11:49:39,646	0	3,099465	0	
27.07.2020 11:49:39,917	0	3,099465	0	
27.07.2020 11:49:40,187	0	3,099465	0	
27.07.2020 11:49:40,454	0	3,099465	0	
27.07.2020 11:49:40,715	0	3,099465	0	
27.07.2020 11:49:40,988	0	3,099465	0	
27.07.2020 11:49:41,239	0	3,099465	0	
27.07.2020 11:49:41,490	0	3,099465	0	
27.07.2020 11:49:41,761	0	3,099465	0	
27.07.2020 11:49:42,18	0	3,099465	0	
27.07.2020 11:49:42,285	0	3,099465	0	
27.07.2020 11:49:42,539	0	3,099465	0	
27.07.2020 11:49:42,803	0	3,099465	0	
27.07.2020 11:49:43,61	0	3,099465	0	
27.07.2020 11:49:43,333	0	3,099465	0	
27.07.2020 11:49:43,601	0	3,099465	0	
27.07.2020 11:49:43,863	0	3,099465	0	
27.07.2020 11:49:44,129	0	3,099465	0	
27.07.2020 11:49:44,381	0	3,099569	0	
27.07.2020 11:49:44,632	0,4265478	3,107688	0	
27.07.2020 11:49:44,887	1,006055	3,116908	0	
27.07.2020 11:49:45,138	1,473802	3,125697	0	
27.07.2020 11:49:45,398	0,3536664	3,128107	0	
27.07.2020 11:49:45,669	0	3,128261	0	
27.07.2020 11:49:45,934	0	3,128261	0	
27.07.2020 11:49:46,202	0	3,128261	0	
27.07.2020 11:49:46,462	0	3,128261	0	
27.07.2020 11:49:46,719	0	3,128261	0	
27.07.2020 11:49:46,992	0	3,128261	0	
27.07.2020 11:49:47,274	0	3,128261	0	
27.07.2020 11:49:47,529	0	3,128261	0	
27.07.2020 11:49:47,784	0	3,128261	0	
27.07.2020 11:49:48,55	0	3,128261	0	
27.07.2020 11:49:48,328	0	3,128261	0	
27.07.2020 11:49:48,597	0	3,128261	0	
27.07.2020 11:49:48,849	0	3,128261	0	
27.07.2020 11:49:49,117	0	3,128261	0	
27.07.2020 11:49:49,388	0	3,128261	0	
27.07.2020 11:49:49,639	0	3,128261	0	
27.07.2020 11:49:49,912	0	3,128261	0	
27.07.2020 11:49:50,177	0	3,128261	0	
27.07.2020 11:49:50,433	0	3,128261	0	
27.07.2020 11:49:50,691	0	3,128261	0	
27.07.2020 11:49:50,944	0	3,128261	0	
27.07.2020 11:49:51,198	0	3,128261	0	
27.07.2020 11:49:51,451	0	3,128261	0	
27.07.2020 11:49:51,716	0	3,128261	0	
27.07.2020 11:49:51,984	0	3,128261	0	
27.07.2020 11:49:52,236	0	3,128261	0	
27.07.2020 11:49:52,504	0	3,128261	0	
27.07.2020 11:49:52,770	0	3,128261	0	
27.07.2020 11:49:53,35	0	3,128261	0	
27.07.2020 11:49:53,302	0	3,128261	0	
27.07.2020 11:49:53,562	0	3,128261	0	
27.07.2020 11:49:53,816	0	3,128261	0	
27.07.2020 11:49:54,76	0	3,128261	0	
27.07.2020 11:49:54,350	0	3,128261	0	
27.07.2020 11:49:54,615	0	3,128261	0	
27.07.2020 11:49:54,869	0,4077118	3,136234	0	
27.07.2020 11:49:55,120	0,9828728	3,145453	0	
27.07.2020 11:49:55,370	1,416009	3,15454	0	
27.07.2020 11:49:55,632	0,4133928	3,157227	0	
27.07.2020 11:49:55,898	0	3,157444	0	
27.07.2020 11:49:56,170	0	3,157444	0	
27.07.2020 11:49:56,440	0	3,157444	0	
27.07.2020 11:49:56,700	0	3,157444	0	
27.07.2020 11:49:56,972	0	3,157444	0	
27.07.2020 11:49:57,246	0	3,157444	0	
27.07.2020 11:49:57,517	0	3,157444	0	
27.07.2020 11:49:57,772	0	3,157444	0	
27.07.2020 11:49:58,37	0	3,157444	0	
27.07.2020 11:49:58,294	0	3,157444	0	
27.07.2020 11:49:58,558	0	3,157444	0	
27.07.2020 11:49:58,825	0	3,157444	0	
27.07.2020 11:49:59,91	0	3,157444	0	
27.07.2020 11:49:59,361	0	3,157444	0	
27.07.2020 11:49:59,614	0	3,157444	0	
27.07.2020 11:49:59,880	0	3,157444	0	
27.07.2020 11:50:00,135	0	3,157444	0	
27.07.2020 11:50:00,402	0	3,157444	0	
27.07.2020 11:50:00,674	0	3,157444	0	
27.07.2020 11:50:00,930	0	3,157444	0	
27.07.2020 11:50:01,198	0	3,157444	0	
27.07.2020 11:50:01,449	0	3,157444	0	
27.07.2020 11:50:01,713	0	3,157444	0	
27.07.2020 11:50:01,975	0	3,157444	0	
27.07.2020 11:50:02,235	0,06654108	3,15864	0	
27.07.2020 11:50:02,498	0,1791838	3,15991	0	
27.07.2020 11:50:02,762	0,1969259	3,160855	0	
27.07.2020 11:50:03,25	0,148252	3,161401	0	
27.07.2020 11:50:03,291	0,08479384	3,161824	0	
27.07.2020 11:50:03,561	0,07971426	3,162131	0	
27.07.2020 11:50:03,833	0,07350183	3,162452	0	
27.07.2020 11:50:04,95	0,08522891	3,162873	0	
27.07.2020 11:50:04,354	0,1764298	3,163562	0	
27.07.2020 11:50:04,609	0,1971036	3,164473	0	
27.07.2020 11:50:04,863	0,2239566	3,165662	0	
27.07.2020 11:50:05,119	0,9484071	3,172496	0	
27.07.2020 11:50:05,388	1,614961	3,179659	0	
27.07.2020 11:50:05,658	1,619112	3,188281	0	
27.07.2020 11:50:05,921	1,585368	3,195321	0	
27.07.2020 11:50:06,178	1,277569	3,197963	0	
27.07.2020 11:50:06,436	0,6787278	3,198736	0	
27.07.2020 11:50:06,693	0	3,198736	0	
27.07.2020 11:50:06,964	0	3,198736	0	
27.07.2020 11:50:07,233	0	3,198736	0	
27.07.2020 11:50:07,485	0	3,198736	0	
27.07.2020 11:50:07,739	0	3,198736	0	
27.07.2020 11:50:07,996	0	3,198736	0	
27.07.2020 11:50:08,254	0	3,198736	0	
27.07.2020 11:50:08,513	0	3,198736	0	
27.07.2020 11:50:08,764	0	3,198736	0	
27.07.2020 11:50:09,20	0,1201107	3,200373	0	
27.07.2020 11:50:09,273	0,2519185	3,202219	0	
27.07.2020 11:50:09,543	0,323429	3,203866	0	
27.07.2020 11:50:09,794	0,3128264	3,204982	0	
27.07.2020 11:50:10,58	0,2760746	3,20597	0	
27.07.2020 11:50:10,324	0,2231757	3,206813	0	
27.07.2020 11:50:10,577	0,1882183	3,207611	0	
27.07.2020 11:50:10,830	0,1875887	3,208423	0	
27.07.2020 11:50:11,97	0,1896245	3,209275	0	
27.07.2020 11:50:11,398	0,1990324	3,210345	0	
27.07.2020 11:50:11,666	0,2119254	3,211302	0	
27.07.2020 11:50:11,925	0,2175271	3,212347	0	
27.07.2020 11:50:12,180	0,2202048	3,213322	0	
27.07.2020 11:50:12,432	0,2208307	3,214137	0	
27.07.2020 11:50:12,687	0,2212539	3,215099	0	
27.07.2020 11:50:12,959	0,2238906	3,216179	0	
27.07.2020 11:50:13,229	0,2442329	3,217391	0	
27.07.2020 11:50:13,496	0,2975415	3,218985	0	
27.07.2020 11:50:13,760	0,3924237	3,220802	0	
27.07.2020 11:50:14,17	0,4074354	3,222463	0	
27.07.2020 11:50:14,287	0,4121641	3,224424	0	
27.07.2020 11:50:14,543	0,4140089	3,226228	0	
27.07.2020 11:50:14,813	0,4127459	3,227995	0	
27.07.2020 11:50:15,80	0,4073398	3,229726	0	
27.07.2020 11:50:15,337	0,5932233	3,234719	0	
27.07.2020 11:50:15,603	1,112113	3,242572	0	
27.07.2020 11:50:15,862	1,499057	3,250678	0	
27.07.2020 11:50:16,135	1,601064	3,259689	0	
27.07.2020 11:50:16,405	1,534832	3,265804	0	
27.07.2020 11:50:16,657	1,180388	3,268301	0	
27.07.2020 11:50:16,912	0,5868693	3,269051	0	
27.07.2020 11:50:17,181	0	3,269099	0	
27.07.2020 11:50:17,455	0	3,269099	0	
27.07.2020 11:50:17,707	0	3,269099	0	
27.07.2020 11:50:17,971	0	3,269099	0	
27.07.2020 11:50:18,240	0,1065065	3,270679	0	
27.07.2020 11:50:18,511	0,3032767	3,273285	0	
27.07.2020 11:50:18,782	0,4478779	3,275531	0	
27.07.2020 11:50:19,43	0,4630254	3,277648	0	
27.07.2020 11:50:19,308	0,439454	3,279351	0	
27.07.2020 11:50:19,559	0,3987136	3,280797	0	
27.07.2020 11:50:19,815	0,3555685	3,282302	0	
27.07.2020 11:50:20,78	0,3493192	3,283811	0	
27.07.2020 11:50:20,335	0,3520985	3,285374	0	
27.07.2020 11:50:20,602	0,3588839	3,286986	0	
27.07.2020 11:50:20,873	0,3670723	3,288775	0	
27.07.2020 11:50:21,132	0,3773608	3,290468	0	
27.07.2020 11:50:21,382	0,3825026	3,292176	0	
27.07.2020 11:50:21,653	0,3874281	3,293898	0	
27.07.2020 11:50:21,909	0,3902474	3,295611	0	
27.07.2020 11:50:22,170	0,3926331	3,297332	0	
27.07.2020 11:50:22,433	0,3944303	3,299055	0	
27.07.2020 11:50:22,691	0,3949718	3,300775	0	
27.07.2020 11:50:22,962	0,3966238	3,302644	0	
27.07.2020 11:50:23,229	0,3975683	3,304373	0	
27.07.2020 11:50:23,485	0,398758	3,306112	0	
27.07.2020 11:50:23,736	0,4004263	3,307727	0	
27.07.2020 11:50:24,5	0,4014645	3,309475	0	
27.07.2020 11:50:24,264	0,402341	3,311227	0	
27.07.2020 11:50:24,537	0,4028278	3,313247	0	
27.07.2020 11:50:24,796	0,402857	3,314859	0	
27.07.2020 11:50:25,53	0,4037945	3,316613	0	
27.07.2020 11:50:25,317	0,4037727	3,318361	0	
27.07.2020 11:50:25,582	0,5100617	3,321975	0	
27.07.2020 11:50:25,837	0,9845586	3,329875	0	
27.07.2020 11:50:26,106	1,43978	3,338681	0	
27.07.2020 11:50:26,372	1,598954	3,347124	0	
27.07.2020 11:50:26,644	1,606506	3,355591	0	
27.07.2020 11:50:26,917	1,444676	3,360471	0	
27.07.2020 11:50:27,172	1,006436	3,362508	0	
27.07.2020 11:50:27,423	0,4546839	3,363457	0	
27.07.2020 11:50:27,694	0,1969512	3,364368	0	
27.07.2020 11:50:27,948	0,2176346	3,365554	0	
27.07.2020 11:50:28,202	0,2959553	3,367136	0	
27.07.2020 11:50:28,454	0,4311714	3,369295	0	
27.07.2020 11:50:28,712	0,5697896	3,371756	0	
27.07.2020 11:50:28,983	0,5804554	3,374369	0	
27.07.2020 11:50:29,237	0,5896922	3,377007	0	
27.07.2020 11:50:29,490	0,5948783	3,379623	0	
27.07.2020 11:50:29,742	0,5958982	3,382204	0	
27.07.2020 11:50:29,997	0,5932884	3,384549	0	
27.07.2020 11:50:30,255	0,5906586	3,387088	0	
27.07.2020 11:50:30,521	0,589228	3,389633	0	
27.07.2020 11:50:30,788	0,5899121	3,392397	0	
27.07.2020 11:50:31,42	0,5926811	3,39479	0	
27.07.2020 11:50:31,301	0,5951001	3,397389	0	
27.07.2020 11:50:31,561	0,5982705	3,400012	0	
27.07.2020 11:50:31,819	0,6012592	3,402847	0	
27.07.2020 11:50:32,81	0,6034477	3,405281	0	
27.07.2020 11:50:32,339	0,606497	3,407935	0	
27.07.2020 11:50:32,598	0,608613	3,410589	0	
27.07.2020 11:50:32,865	0,6109409	3,413463	0	
27.07.2020 11:50:33,137	0,6132442	3,416141	0	
27.07.2020 11:50:33,406	0,6149745	3,41903	0	
27.07.2020 11:50:33,664	0,6174181	3,42152	0	
27.07.2020 11:50:33,928	0,6188747	3,424418	0	
27.07.2020 11:50:34,191	0,6205539	3,427126	0	
27.07.2020 11:50:34,447	0,6223333	3,429838	0	
27.07.2020 11:50:34,703	0,6235451	3,432345	0	
27.07.2020 11:50:34,960	0,6257972	3,435078	0	
27.07.2020 11:50:35,219	0,6269947	3,438015	0	
27.07.2020 11:50:35,471	0,6282462	3,440751	0	
27.07.2020 11:50:35,725	0,6306024	3,443113	0	
27.07.2020 11:50:35,984	0,8889629	3,449376	0	
27.07.2020 11:50:36,248	1,26744	3,457841	0	
27.07.2020 11:50:36,499	1,557685	3,465947	0	
27.07.2020 11:50:36,770	1,604161	3,474264	0	
27.07.2020 11:50:37,36	1,609517	3,482846	0	
27.07.2020 11:50:37,298	1,558882	3,489	0	
27.07.2020 11:50:37,548	1,204388	3,491623	0	
27.07.2020 11:50:37,813	0,6748776	3,493114	0	
27.07.2020 11:50:38,75	0,2801649	3,49427	0	
27.07.2020 11:50:38,327	0,4144025	3,496125	0	
27.07.2020 11:50:38,587	0,4931373	3,498695	0	
27.07.2020 11:50:38,842	0,6710386	3,502272	0	
27.07.2020 11:50:39,112	0,9329177	3,506687	0	
27.07.2020 11:50:39,374	0,9872097	3,511017	0	
27.07.2020 11:50:39,638	0,9941351	3,515381	0	
27.07.2020 11:50:39,892	0,994304	3,51967	0	
27.07.2020 11:50:40,143	0,9876702	3,523878	0	
27.07.2020 11:50:40,399	0,9776757	3,5277	0	
27.07.2020 11:50:40,671	0,9677663	3,532122	0	
27.07.2020 11:50:40,944	0,9613276	3,536247	0	
27.07.2020 11:50:41,208	0,9594002	3,54071	0	
27.07.2020 11:50:41,469	0,9608352	3,545541	0	
27.07.2020 11:50:41,740	0,964967	3,54911	0	
27.07.2020 11:50:41,999	0,9689535	3,553344	0	
27.07.2020 11:50:42,270	0,9732403	3,557931	0	
27.07.2020 11:50:42,522	0,9771948	3,5622	0	
27.07.2020 11:50:42,793	0,9807986	3,566484	0	
27.07.2020 11:50:43,52	0,9844055	3,57078	0	
27.07.2020 11:50:43,305	0,9870979	3,575079	0	
27.07.2020 11:50:43,570	0,990201	3,57907	0	
27.07.2020 11:50:43,841	0,9932876	3,583731	0	
27.07.2020 11:50:44,113	0,9952803	3,588398	0	
27.07.2020 11:50:44,370	0,9982243	3,592746	0	
27.07.2020 11:50:44,630	1,000363	3,597102	0	
27.07.2020 11:50:44,884	1,003569	3,601483	0	
27.07.2020 11:50:45,154	1,006897	3,605877	0	
27.07.2020 11:50:45,425	1,010031	3,610619	0	
27.07.2020 11:50:45,680	1,013402	3,61504	0	
27.07.2020 11:50:45,935	1,015585	3,619121	0	
27.07.2020 11:50:46,196	1,0957	3,625141	0	
27.07.2020 11:50:46,462	1,342316	3,633583	0	
27.07.2020 11:50:46,716	1,517136	3,641071	0	
27.07.2020 11:50:46,981	1,589647	3,649442	0	
27.07.2020 11:50:47,251	1,599911	3,658736	0	
27.07.2020 11:50:47,508	1,606705	3,668326	0	
27.07.2020 11:50:47,763	1,611201	3,676125	0	
27.07.2020 11:50:48,17	1,613989	3,685163	0	
27.07.2020 11:50:48,274	1,466919	3,689755	0	
27.07.2020 11:50:48,539	1,068335	3,692528	0	
27.07.2020 11:50:48,811	0,6909543	3,695075	0	
27.07.2020 11:50:49,70	0,6251133	3,697805	0	
27.07.2020 11:50:49,339	0,6791844	3,701447	0	
27.07.2020 11:50:49,593	0,7919198	3,705108	0	
27.07.2020 11:50:49,862	0,9930838	3,709436	0	
27.07.2020 11:50:50,132	1,034035	3,71431	0	
27.07.2020 11:50:50,392	1,041966	3,71889	0	
27.07.2020 11:50:50,657	1,044802	3,723429	0	
27.07.2020 11:50:50,914	1,04274	3,727924	0	
27.07.2020 11:50:51,181	1,037372	3,732373	0	
27.07.2020 11:50:51,433	1,033025	3,73681	0	
27.07.2020 11:50:51,689	1,030965	3,741262	0	
27.07.2020 11:50:51,951	1,030722	3,745727	0	
27.07.2020 11:50:52,214	1,032298	3,75022	0	
27.07.2020 11:50:52,486	1,035027	3,755078	0	
27.07.2020 11:50:52,741	1,037952	3,759604	0	
27.07.2020 11:50:53,2	1,041331	3,763796	0	
27.07.2020 11:50:53,271	1,043173	3,768678	0	
27.07.2020 11:50:53,540	1,045193	3,773576	0	
27.07.2020 11:50:53,813	1,046566	3,778122	0	
27.07.2020 11:50:54,80	1,047011	3,783016	0	
27.07.2020 11:50:54,337	1,048744	3,787225	0	
27.07.2020 11:50:54,595	1,04922	3,791775	0	
27.07.2020 11:50:54,865	1,050276	3,796684	0	
27.07.2020 11:50:55,129	1,05138	3,801251	0	
27.07.2020 11:50:55,380	1,051991	3,805467	0	
27.07.2020 11:50:55,647	1,053428	3,810396	0	
27.07.2020 11:50:55,904	1,051282	3,814903	0	
27.07.2020 11:50:56,165	1,030086	3,818816	0	
27.07.2020 11:50:56,419	1,012388	3,823366	0	
27.07.2020 11:50:56,674	1,335442	3,830877	0	
27.07.2020 11:50:56,929	1,587148	3,838741	0	
27.07.2020 11:50:57,199	1,605636	3,846844	0	
27.07.2020 11:50:57,453	1,610186	3,855184	0	
27.07.2020 11:50:57,715	1,613505	3,863779	0	
27.07.2020 11:50:57,986	1,615836	3,872584	0	
27.07.2020 11:50:58,248	1,523621	3,87867	0	
27.07.2020 11:50:58,512	1,153775	3,88136	0	
27.07.2020 11:50:58,766	0,6659024	3,883076	0	
27.07.2020 11:50:59,36	0,3879793	3,884714	0	
27.07.2020 11:50:59,301	0,4192295	3,886962	0	
27.07.2020 11:50:59,551	0,5011436	3,889443	0	
27.07.2020 11:50:59,809	0,6593722	3,89234	0	
27.07.2020 11:51:00,60	0,7926769	3,895777	0	
27.07.2020 11:51:00,329	0,8040197	3,899646	0	
27.07.2020 11:51:00,596	0,8140194	3,903255	0	
27.07.2020 11:51:00,866	0,8193805	3,907112	0	
27.07.2020 11:51:01,117	0,8189856	3,910377	0	
27.07.2020 11:51:01,377	0,8156897	3,913881	0	
27.07.2020 11:51:01,638	0,8125069	3,91738	0	
27.07.2020 11:51:01,891	0,8110808	3,92088	0	
27.07.2020 11:51:02,151	0,8111899	3,924401	0	
27.07.2020 11:51:02,417	0,8131909	3,927942	0	
27.07.2020 11:51:02,671	0,8151532	3,931493	0	
27.07.2020 11:51:02,928	0,8179891	3,935068	0	
27.07.2020 11:51:03,196	0,820612	3,938921	0	
27.07.2020 11:51:03,455	0,8220222	3,94222	0	
27.07.2020 11:51:03,711	0,8230579	3,945792	0	
27.07.2020 11:51:03,962	0,8233855	3,949088	0	
27.07.2020 11:51:04,229	0,8242956	3,952945	0	
27.07.2020 11:51:04,497	0,8255465	3,956532	0	
27.07.2020 11:51:04,760	0,8262587	3,960122	0	
27.07.2020 11:51:05,16	0,8274539	3,963716	0	
27.07.2020 11:51:05,275	0,8274807	3,967301	0	
27.07.2020 11:51:05,532	0,827944	3,970895	0	
27.07.2020 11:51:05,795	0,8283994	3,974487	0	
27.07.2020 11:51:06,65	0,8283072	3,978077	0	
27.07.2020 11:51:06,334	0,8291483	3,981956	0	
27.07.2020 11:51:06,590	0,8287547	3,985552	0	
27.07.2020 11:51:06,853	0,98269	3,991748	0	
27.07.2020 11:51:07,105	1,285057	3,998961	0	
27.07.2020 11:51:07,361	1,526165	4,007017	0	
27.07.2020 11:51:07,626	1,600304	4,015965	0	
27.07.2020 11:51:07,888	1,606964	4,023854	0	
27.07.2020 11:51:08,139	1,611373	4,032627	0	
27.07.2020 11:51:08,410	1,602465	4,040564	0	
27.07.2020 11:51:08,667	1,311368	4,043909	0	
27.07.2020 11:51:08,923	0,8511168	4,045708	0	
27.07.2020 11:51:09,193	0,3942692	4,047371	0	
27.07.2020 11:51:09,465	0,3930374	4,049373	0	
27.07.2020 11:51:09,734	0,4594661	4,051832	0	
27.07.2020 11:51:09,995	0,5803015	4,054675	0	
27.07.2020 11:51:10,260	0,6418483	4,05747	0	
27.07.2020 11:51:10,526	0,6235986	4,06018	0	
27.07.2020 11:51:10,785	0,5783814	4,062428	0	
27.07.2020 11:51:11,47	0,5125456	4,064514	0	
27.07.2020 11:51:11,301	0,4745127	4,066387	0	
27.07.2020 11:51:11,570	0,4743405	4,06861	0	
27.07.2020 11:51:11,821	0,4789125	4,070736	0	
27.07.2020 11:51:12,87	0,4869918	4,07276	0	
27.07.2020 11:51:12,349	0,4997599	4,075193	0	
27.07.2020 11:51:12,600	0,5104797	4,077308	0	
27.07.2020 11:51:12,864	0,5184193	4,0798	0	
27.07.2020 11:51:13,126	0,5240107	4,081942	0	
27.07.2020 11:51:13,395	0,5279019	4,084445	0	
27.07.2020 11:51:13,668	0,5321928	4,086788	0	
27.07.2020 11:51:13,930	0,5346271	4,089303	0	
27.07.2020 11:51:14,194	0,5369118	4,09165	0	
27.07.2020 11:51:14,458	0,5391924	4,094005	0	
27.07.2020 11:51:14,719	0,5402057	4,096358	0	
27.07.2020 11:51:14,971	0,5423166	4,098732	0	
27.07.2020 11:51:15,223	0,5439129	4,101101	0	
27.07.2020 11:51:15,476	0,545242	4,103294	0	
27.07.2020 11:51:15,744	0,546612	4,10567	0	
27.07.2020 11:51:16,8	0,5462002	4,108214	0	
27.07.2020 11:51:16,261	0,5461234	4,110583	0	
27.07.2020 11:51:16,520	0,5463132	4,11277	0	
27.07.2020 11:51:16,772	0,5465329	4,115142	0	
27.07.2020 11:51:17,30	0,5639819	4,118261	0	
27.07.2020 11:51:17,301	0,9916549	4,125691	0	
27.07.2020 11:51:17,559	1,371451	4,133541	0	
27.07.2020 11:51:17,813	1,592223	4,141633	0	
27.07.2020 11:51:18,65	1,604819	4,149933	0	
27.07.2020 11:51:18,319	1,604111	4,157197	0	
27.07.2020 11:51:18,587	1,325169	4,160361	0	
27.07.2020 11:51:18,845	0,817358	4,161972	0	
27.07.2020 11:51:19,105	0,2463851	4,162605	0	
27.07.2020 11:51:19,376	0,1272408	4,163171	0	
27.07.2020 11:51:19,631	0,1598044	4,164186	0	
27.07.2020 11:51:19,888	0,261606	4,165772	0	
27.07.2020 11:51:20,159	0,4640982	4,167796	0	
27.07.2020 11:51:20,411	0,515857	4,170076	0	
27.07.2020 11:51:20,678	0,5254925	4,172442	0	
27.07.2020 11:51:20,932	0,5330685	4,174815	0	
27.07.2020 11:51:21,200	0,5350406	4,17714	0	
27.07.2020 11:51:21,468	0,532267	4,179592	0	
27.07.2020 11:51:21,732	0,5286821	4,181846	0	
27.07.2020 11:51:21,993	0,5249659	4,184091	0	
27.07.2020 11:51:22,253	0,5233966	4,18635	0	
27.07.2020 11:51:22,510	0,523831	4,188626	0	
27.07.2020 11:51:22,771	0,5249679	4,190916	0	
27.07.2020 11:51:23,21	0,5272066	4,193043	0	
27.07.2020 11:51:23,276	0,5288143	4,195352	0	
27.07.2020 11:51:23,533	0,5309387	4,197671	0	
27.07.2020 11:51:23,798	0,5324178	4,199989	0	
27.07.2020 11:51:24,58	0,5333411	4,20231	0	
27.07.2020 11:51:24,313	0,5346785	4,204642	0	
27.07.2020 11:51:24,581	0,5356454	4,207148	0	
27.07.2020 11:51:24,844	0,5361521	4,209296	0	
27.07.2020 11:51:25,109	0,5365852	4,211802	0	
27.07.2020 11:51:25,362	0,5360764	4,214123	0	
27.07.2020 11:51:25,619	0,5364466	4,216273	0	
27.07.2020 11:51:25,882	0,5370163	4,218605	0	
27.07.2020 11:51:26,144	0,5375558	4,221119	0	
27.07.2020 11:51:26,404	0,5385695	4,223458	0	
27.07.2020 11:51:26,669	0,5382123	4,225786	0	
27.07.2020 11:51:26,937	0,5382812	4,228121	0	
27.07.2020 11:51:27,198	0,5380206	4,230457	0	
27.07.2020 11:51:27,452	0,7058824	4,235713	0	
27.07.2020 11:51:27,705	1,139579	4,242934	0	
27.07.2020 11:51:27,959	1,485409	4,250977	0	
27.07.2020 11:51:28,211	1,600112	4,259231	0	
27.07.2020 11:51:28,481	1,607249	4,267395	0	
27.07.2020 11:51:28,742	1,399182	4,271471	0	
27.07.2020 11:51:29,8	0,8980895	4,273006	0	
27.07.2020 11:51:29,269	0	4,273224	0	
27.07.2020 11:51:29,532	0	4,273224	0	
27.07.2020 11:51:29,808	0	4,273224	0	
27.07.2020 11:51:30,77	0	4,273224	0	
27.07.2020 11:51:30,348	0	4,273532	0	
27.07.2020 11:51:30,609	0,2231643	4,276348	0	
27.07.2020 11:51:30,866	0,4061239	4,278639	0	
27.07.2020 11:51:31,125	0,4918557	4,281044	0	
27.07.2020 11:51:31,385	0,4794572	4,282969	0	
27.07.2020 11:51:31,647	0,4416789	4,284533	0	
27.07.2020 11:51:31,915	0,3905152	4,286242	0	
27.07.2020 11:51:32,183	0,3647602	4,287925	0	
27.07.2020 11:51:32,439	0,3654168	4,2894	0	
27.07.2020 11:51:32,712	0,3705093	4,291182	0	
27.07.2020 11:51:32,974	0,3776954	4,292888	0	
27.07.2020 11:51:33,238	0,3866158	4,294635	0	
27.07.2020 11:51:33,494	0,3927554	4,296395	0	
27.07.2020 11:51:33,762	0,3978425	4,298294	0	
27.07.2020 11:51:34,25	0,401367	4,299925	0	
27.07.2020 11:51:34,279	0,402808	4,301681	0	
27.07.2020 11:51:34,538	0,4042602	4,303448	0	
27.07.2020 11:51:34,805	0,4050155	4,305346	0	
27.07.2020 11:51:35,75	0,4057307	4,307113	0	
27.07.2020 11:51:35,338	0,4074839	4,309024	0	
27.07.2020 11:51:35,601	0,4076181	4,310656	0	
27.07.2020 11:51:35,860	0,4081934	4,312432	0	
27.07.2020 11:51:36,111	0,4085727	4,314206	0	
27.07.2020 11:51:36,364	0,4085345	4,315978	0	
27.07.2020 11:51:36,617	0,4085746	4,31775	0	
27.07.2020 11:51:36,872	0,4085008	4,319382	0	
27.07.2020 11:51:37,135	0,4090038	4,321159	0	
27.07.2020 11:51:37,404	0,4094889	4,323072	0	
27.07.2020 11:51:37,668	0,4505501	4,32614	0	
27.07.2020 11:51:37,932	0,9290614	4,333972	0	
27.07.2020 11:51:38,186	1,35846	4,34217	0	
27.07.2020 11:51:38,440	1,597494	4,350591	0	
27.07.2020 11:51:38,706	1,605105	4,35804	0	
27.07.2020 11:51:38,973	1,369107	4,36198	0	
27.07.2020 11:51:39,242	0,7995415	4,36325	0	
27.07.2020 11:51:39,513	0	4,363425	0	
27.07.2020 11:51:39,775	0	4,363425	0	
27.07.2020 11:51:40,46	0	4,363425	0	
27.07.2020 11:51:40,312	0	4,363425	0	
27.07.2020 11:51:40,566	0,02942956	4,364494	0	
27.07.2020 11:51:40,828	0,2666027	4,366907	0	
27.07.2020 11:51:41,89	0,4350491	4,369518	0	
27.07.2020 11:51:41,340	0,4860701	4,371495	0	
27.07.2020 11:51:41,606	0,4673769	4,37348	0	
27.07.2020 11:51:41,866	0,4245508	4,374979	0	
27.07.2020 11:51:42,140	0,3676653	4,376638	0	
27.07.2020 11:51:42,393	0,3574617	4,378169	0	
27.07.2020 11:51:42,648	0,3582267	4,379739	0	
27.07.2020 11:51:42,905	0,3628806	4,381224	0	
27.07.2020 11:51:43,162	0,3575777	4,38271	0	
27.07.2020 11:51:43,425	0,3358632	4,384114	0	
27.07.2020 11:51:43,685	0,2927218	4,385165	0	
27.07.2020 11:51:43,945	0,2368541	4,386208	0	
27.07.2020 11:51:44,207	0,2366447	4,387308	0	
27.07.2020 11:51:44,474	0,23655	4,388335	0	
27.07.2020 11:51:44,732	0,2395464	4,389407	0	
27.07.2020 11:51:44,999	0,2447525	4,390512	0	
27.07.2020 11:51:45,271	0,2500119	4,39173	0	
27.07.2020 11:51:45,525	0,2563274	4,392799	0	
27.07.2020 11:51:45,787	0,259997	4,394044	0	
27.07.2020 11:51:46,53	0,2625657	4,395205	0	
27.07.2020 11:51:46,305	0,2647473	4,396279	0	
27.07.2020 11:51:46,556	0,2654439	4,397435	0	
27.07.2020 11:51:46,829	0,2663593	4,398689	0	
27.07.2020 11:51:47,98	0,2666059	4,399845	0	
27.07.2020 11:51:47,353	0,267279	4,401011	0	
27.07.2020 11:51:47,606	0,2683729	4,40218	0	
27.07.2020 11:51:47,899	0,2741658	4,403664	0	
27.07.2020 11:51:48,170	0,6959614	4,410728	0	
27.07.2020 11:51:48,424	1,220849	4,418712	0	
27.07.2020 11:51:48,677	1,562397	4,426278	0	
27.07.2020 11:51:48,933	1,600608	4,433861	0	
27.07.2020 11:51:49,204	1,310782	4,43739	0	
27.07.2020 11:51:49,462	0,7458909	4,438259	0	
27.07.2020 11:51:49,724	0	4,438289	0	
27.07.2020 11:51:49,995	0	4,438289	0	
27.07.2020 11:51:50,259	0	4,438289	0	
27.07.2020 11:51:50,518	0	4,438289	0	
27.07.2020 11:51:50,784	0	4,438289	0	
27.07.2020 11:51:51,52	0	4,438289	0	
27.07.2020 11:51:51,307	0	4,438289	0	
27.07.2020 11:51:51,567	0,03902028	4,439406	0	
27.07.2020 11:51:51,838	0,2520055	4,44156	0	
27.07.2020 11:51:52,91	0,3347391	4,443251	0	
27.07.2020 11:51:52,343	0,2741385	4,444302	0	
27.07.2020 11:51:52,601	0,1332263	4,445008	0	
27.07.2020 11:51:52,866	0,1159459	4,445342	0	
27.07.2020 11:51:53,119	0,08162078	4,445524	0	
27.07.2020 11:51:53,370	0,04730563	4,445677	0	
27.07.2020 11:51:53,637	0,04793347	4,445873	0	
27.07.2020 11:51:53,931	0,07718987	4,446258	0	
27.07.2020 11:51:54,196	0,08807424	4,446727	0	
27.07.2020 11:51:54,462	0,1112464	4,447276	0	
27.07.2020 11:51:54,729	0,1268947	4,447877	0	
27.07.2020 11:51:54,984	0,1272322	4,448429	0	
27.07.2020 11:51:55,246	0,1254554	4,448952	0	
27.07.2020 11:51:55,516	0,1212115	4,449447	0	
27.07.2020 11:51:55,778	0,1171142	4,449973	0	
27.07.2020 11:51:56,49	0,11516	4,450418	0	
27.07.2020 11:51:56,316	0,1146251	4,450953	0	
27.07.2020 11:51:56,584	0,1161076	4,45151	0	
27.07.2020 11:51:56,853	0,1178075	4,452037	0	
27.07.2020 11:51:57,103	0,1193839	4,452526	0	
27.07.2020 11:51:57,371	0,1198859	4,453087	0	
27.07.2020 11:51:57,639	0,119901	4,453608	0	
27.07.2020 11:51:57,900	0,1195931	4,454123	0	
27.07.2020 11:51:58,166	0,119169	4,454754	0	
27.07.2020 11:51:58,421	0,4614702	4,459545	0	
27.07.2020 11:51:58,676	1,035874	4,467212	0	
27.07.2020 11:51:58,938	1,537404	4,475136	0	
27.07.2020 11:51:59,189	1,600231	4,481905	0	
27.07.2020 11:51:59,441	1,282782	4,484709	0	
27.07.2020 11:51:59,695	0,7352025	4,485445	0	
27.07.2020 11:51:59,962	0	4,485445	0	
27.07.2020 11:52:00,235	0	4,485445	0	
27.07.2020 11:52:00,499	0	4,485445	0	
27.07.2020 11:52:00,770	0	4,485445	0	
27.07.2020 11:52:01,27	0	4,485445	0	
27.07.2020 11:52:01,295	0	4,485445	0	
27.07.2020 11:52:01,549	0	4,485445	0	
27.07.2020 11:52:01,802	0	4,485445	0	
27.07.2020 11:52:02,64	0	4,485445	0	
27.07.2020 11:52:02,315	0	4,485445	0	
27.07.2020 11:52:02,588	0	4,485445	0	
27.07.2020 11:52:02,858	0	4,485445	0	
27.07.2020 11:52:03,120	0	4,485445	0	
27.07.2020 11:52:03,388	0	4,485445	0	
27.07.2020 11:52:03,661	0	4,485445	0	
27.07.2020 11:52:03,931	0	4,485445	0	
27.07.2020 11:52:04,190	0	4,485445	0	
27.07.2020 11:52:04,457	0	4,485445	0	
27.07.2020 11:52:04,723	0	4,485445	0	
27.07.2020 11:52:04,977	0	4,485445	0	
27.07.2020 11:52:05,242	0	4,485445	0	
27.07.2020 11:52:05,505	0	4,485445	0	
27.07.2020 11:52:05,756	0	4,485655	0	
27.07.2020 11:52:06,15	0,1123047	4,486976	0	
27.07.2020 11:52:06,269	0,1350576	4,48761	0	
27.07.2020 11:52:06,532	0,09825841	4,487961	0	
27.07.2020 11:52:06,788	0,03349947	4,488136	0	
27.07.2020 11:52:07,40	0	4,488145	0	
27.07.2020 11:52:07,291	0	4,488145	0	
27.07.2020 11:52:07,547	0	4,488145	0	
27.07.2020 11:52:07,806	0	4,488145	0	
27.07.2020 11:52:08,63	0	4,488145	0	
27.07.2020 11:52:08,317	0	4,488145	0	
27.07.2020 11:52:08,567	0	4,488158	0	
27.07.2020 11:52:08,838	0,516138	4,496582	0	
27.07.2020 11:52:09,89	1,046685	4,50633	0	
27.07.2020 11:52:09,343	1,50238	4,514214	0	
27.07.2020 11:52:09,604	0,3648094	4,516885	0	
27.07.2020 11:52:09,866	0	4,517127	0	
27.07.2020 11:52:10,119	0	4,517127	0	
27.07.2020 11:52:10,381	0	4,517127	0	
27.07.2020 11:52:10,640	0	4,517127	0	
27.07.2020 11:52:10,902	0	4,517127	0	
27.07.2020 11:52:11,169	0	4,517127	0	
27.07.2020 11:52:11,433	0	4,517127	0	
27.07.2020 11:52:11,696	0	4,517127	0	
27.07.2020 11:52:11,957	0	4,517127	0	
27.07.2020 11:52:12,213	0	4,517127	0	
27.07.2020 11:52:12,464	0	4,517127	0	
27.07.2020 11:52:12,737	0	4,517127	0	
27.07.2020 11:52:12,995	0	4,517127	0	
27.07.2020 11:52:13,250	0	4,517127	0	
27.07.2020 11:52:13,511	0	4,517127	0	
27.07.2020 11:52:13,774	0	4,517127	0	
27.07.2020 11:52:14,30	0	4,517127	0	
27.07.2020 11:52:14,293	0	4,517127	0	
27.07.2020 11:52:14,549	0	4,517127	0	
27.07.2020 11:52:14,812	0	4,517127	0	
27.07.2020 11:52:15,73	0	4,517127	0	
27.07.2020 11:52:15,342	0	4,517127	0	
27.07.2020 11:52:15,608	0	4,517127	0	
27.07.2020 11:52:15,868	0	4,517127	0	
27.07.2020 11:52:16,121	0	4,517127	0	
27.07.2020 11:52:16,391	0	4,517127	0	
27.07.2020 11:52:16,658	0	4,517127	0	
27.07.2020 11:52:16,923	0	4,517127	0	
27.07.2020 11:52:17,193	0	4,517127	0	
27.07.2020 11:52:17,458	0	4,517127	0	
27.07.2020 11:52:17,729	0	4,517127	0	
27.07.2020 11:52:17,994	0	4,517127	0	
27.07.2020 11:52:18,248	0	4,517127	0	
27.07.2020 11:52:18,510	0	4,517127	0	
27.07.2020 11:52:18,781	0	4,517127	0	
27.07.2020 11:52:19,44	0,1299025	4,520843	0	
27.07.2020 11:52:19,301	0,7538601	4,530913	0	
27.07.2020 11:52:19,563	1,277388	4,540239	0	
27.07.2020 11:52:19,835	0,7021844	4,545349	0	
27.07.2020 11:52:20,93	0	4,545876	0	
27.07.2020 11:52:20,349	0	4,545876	0	
27.07.2020 11:52:20,614	0	4,545876	0	
27.07.2020 11:52:20,885	0	4,545876	0	
27.07.2020 11:52:21,154	0	4,545876	0	
27.07.2020 11:52:21,417	0	4,545876	0	
27.07.2020 11:52:21,682	0	4,545876	0	
27.07.2020 11:52:21,951	0	4,545876	0	
27.07.2020 11:52:22,205	0	4,545876	0	
27.07.2020 11:52:22,469	0	4,545876	0	
27.07.2020 11:52:22,734	0	4,545876	0	
27.07.2020 11:52:23,5	0	4,545876	0	
27.07.2020 11:52:23,261	0	4,545876	0	
27.07.2020 11:52:23,525	0	4,545876	0	
27.07.2020 11:52:23,778	0	4,545876	0	
27.07.2020 11:52:24,32	0	4,545876	0	
27.07.2020 11:52:24,293	0	4,545876	0	
27.07.2020 11:52:24,558	0	4,545876	0	
27.07.2020 11:52:24,809	0	4,545876	0	
27.07.2020 11:52:25,62	0	4,545876	0	
27.07.2020 11:52:25,326	0	4,545876	0	
27.07.2020 11:52:25,592	0	4,545876	0	
27.07.2020 11:52:25,846	0	4,545876	0	
27.07.2020 11:52:26,106	0	4,545876	0	
27.07.2020 11:52:26,379	0	4,545876	0	
27.07.2020 11:52:26,642	0	4,545876	0	
27.07.2020 11:52:26,902	0	4,545876	0	
27.07.2020 11:52:27,160	0	4,545876	0	
27.07.2020 11:52:27,412	0	4,545876	0	
27.07.2020 11:52:27,671	0	4,545876	0	
27.07.2020 11:52:27,941	0	4,545876	0	
27.07.2020 11:52:28,194	0	4,545876	0	
27.07.2020 11:52:28,449	0	4,545876	0	
27.07.2020 11:52:28,711	0	4,545876	0	
27.07.2020 11:52:28,970	0	4,545876	0	
27.07.2020 11:52:29,235	0	4,545889	0	
27.07.2020 11:52:29,507	0,4699175	4,55476	0	
27.07.2020 11:52:29,777	1,04865	4,564719	0	
27.07.2020 11:52:30,31	1,470328	4,573189	0	
27.07.2020 11:52:30,282	0,2543983	4,574537	0	
27.07.2020 11:52:30,554	0	4,574637	0	
27.07.2020 11:52:30,809	0	4,574637	0	
27.07.2020 11:52:31,74	0	4,574637	0	
27.07.2020 11:52:31,340	0	4,574637	0	
27.07.2020 11:52:31,597	0	4,574637	0	
27.07.2020 11:52:31,854	0	4,574637	0	
27.07.2020 11:52:32,106	0	4,574637	0	
27.07.2020 11:52:32,362	0	4,574637	0	
27.07.2020 11:52:32,633	0	4,574637	0	
27.07.2020 11:52:32,902	0	4,574637	0	
27.07.2020 11:52:33,167	0	4,574637	0	
27.07.2020 11:52:33,435	0	4,574637	0	
27.07.2020 11:52:33,687	0	4,574637	0	
27.07.2020 11:52:33,940	0	4,574637	0	
27.07.2020 11:52:34,192	0	4,574637	0	
27.07.2020 11:52:34,448	0	4,574637	0	
27.07.2020 11:52:34,711	0	4,574637	0	
27.07.2020 11:52:34,981	0	4,574637	0	
27.07.2020 11:52:35,232	0	4,574637	0	
27.07.2020 11:52:35,484	0	4,574637	0	
27.07.2020 11:52:35,735	0	4,574637	0	
27.07.2020 11:52:35,993	0	4,574637	0	
27.07.2020 11:52:36,261	0	4,574637	0	
27.07.2020 11:52:36,523	0	4,574637	0	
27.07.2020 11:52:36,794	0	4,574637	0	
27.07.2020 11:52:37,45	0	4,574637	0	
27.07.2020 11:52:37,312	0	4,574637	0	
27.07.2020 11:52:37,566	0	4,574637	0	
27.07.2020 11:52:37,827	0	4,574637	0	
27.07.2020 11:52:38,100	0	4,574637	0	
27.07.2020 11:52:38,352	0	4,574637	0	
27.07.2020 11:52:38,605	0	4,574637	0	
27.07.2020 11:52:38,861	0	4,574637	0	
27.07.2020 11:52:39,130	0	4,574637	0	
27.07.2020 11:52:39,384	0	4,574637	0	
27.07.2020 11:52:39,637	0,02169929	4,576496	0	
27.07.2020 11:52:39,890	0,6353381	4,586448	0	
27.07.2020 11:52:40,154	1,17247	4,596512	0	
27.07.2020 11:52:40,422	0,9365455	4,602314	0	
27.07.2020 11:52:40,678	0,03440474	4,603255	0	
27.07.2020 11:52:40,932	0	4,603255	0	
27.07.2020 11:52:41,188	0	4,603255	0	
27.07.2020 11:52:41,443	0	4,603255	0	
27.07.2020 11:52:41,697	0	4,603255	0	
27.07.2020 11:52:41,953	0	4,603255	0	
