Zeit:	Istwert Durchfluss	Totalisator	Alarm Nr. 1	
				
27.07.2020 10:56:14,398	0	0	0	
27.07.2020 10:56:14,662	0	0	0	
27.07.2020 10:56:14,931	0	0	0	
27.07.2020 10:56:15,196	0	0	0	
27.07.2020 10:56:15,452	0	0	0	
27.07.2020 10:56:15,708	0	0	0	
27.07.2020 10:56:15,969	0	0	0	
27.07.2020 10:56:16,226	0	0	0	
27.07.2020 10:56:16,480	0	0	0	
27.07.2020 10:56:16,737	0	0	0	
27.07.2020 10:56:17,8	0	0	0	
27.07.2020 10:56:17,260	0	0	0	
27.07.2020 10:56:17,526	0	0	0	
27.07.2020 10:56:17,786	0	0	0	
27.07.2020 10:56:18,57	0	0	0	
27.07.2020 10:56:18,331	0	0	0	
27.07.2020 10:56:18,585	0	0	0	
27.07.2020 10:56:18,840	0	0	0	
27.07.2020 10:56:19,92	0	0	0	
27.07.2020 10:56:19,355	0	0	0	
27.07.2020 10:56:19,618	0	0	0	
27.07.2020 10:56:19,888	0,00244077	0,0008258978	0	
27.07.2020 10:56:20,152	0,5705253	0,01033454	0	
27.07.2020 10:56:20,425	1,163751	0,02086926	0	
27.07.2020 10:56:20,681	1,362762	0,02766481	0	
27.07.2020 10:56:20,952	0,202665	0,02927407	0	
27.07.2020 10:56:21,206	0	0,02930829	0	
27.07.2020 10:56:21,473	0	0,02930829	0	
27.07.2020 10:56:21,726	0	0,02930829	0	
27.07.2020 10:56:21,980	0	0,02930829	0	
27.07.2020 10:56:22,249	0	0,02930829	0	
27.07.2020 10:56:22,505	0	0,02930829	0	
27.07.2020 10:56:22,767	0	0,02930829	0	
27.07.2020 10:56:23,26	0	0,02930829	0	
27.07.2020 10:56:23,299	0	0,02930829	0	
27.07.2020 10:56:23,568	0	0,02930829	0	
27.07.2020 10:56:23,835	0	0,02930829	0	
27.07.2020 10:56:24,104	0	0,02930829	0	
27.07.2020 10:56:24,365	0	0,02930829	0	
27.07.2020 10:56:24,618	0	0,02930829	0	
27.07.2020 10:56:24,874	0	0,02930829	0	
27.07.2020 10:56:25,146	0	0,02930829	0	
27.07.2020 10:56:25,411	0	0,02930829	0	
27.07.2020 10:56:25,672	0	0,02930829	0	
27.07.2020 10:56:25,946	0	0,02930829	0	
27.07.2020 10:56:26,197	0	0,02930829	0	
27.07.2020 10:56:26,455	0	0,02930829	0	
27.07.2020 10:56:26,727	0	0,02930829	0	
27.07.2020 10:56:26,998	0	0,02930829	0	
27.07.2020 10:56:27,263	0	0,02930829	0	
27.07.2020 10:56:27,531	0	0,02930829	0	
27.07.2020 10:56:27,792	0	0,02930829	0	
27.07.2020 10:56:28,49	0	0,02930829	0	
27.07.2020 10:56:28,314	0	0,02930829	0	
27.07.2020 10:56:28,586	0	0,02930829	0	
27.07.2020 10:56:28,857	0	0,02930829	0	
27.07.2020 10:56:29,127	0	0,02930829	0	
27.07.2020 10:56:29,390	0	0,02930829	0	
27.07.2020 10:56:29,641	0	0,02930829	0	
27.07.2020 10:56:29,893	0	0,02930829	0	
27.07.2020 10:56:30,155	0	0,02939151	0	
27.07.2020 10:56:30,413	0,4652213	0,03780943	0	
27.07.2020 10:56:30,664	1,046317	0,04735512	0	
27.07.2020 10:56:30,919	1,502305	0,05576134	0	
27.07.2020 10:56:31,176	0,4072436	0,05828689	0	
27.07.2020 10:56:31,436	0	0,0586222	0	
27.07.2020 10:56:31,710	0	0,0586222	0	
27.07.2020 10:56:31,964	0	0,0586222	0	
27.07.2020 10:56:32,215	0	0,0586222	0	
27.07.2020 10:56:32,474	0	0,0586222	0	
27.07.2020 10:56:32,740	0	0,0586222	0	
27.07.2020 10:56:33,3	0	0,0586222	0	
27.07.2020 10:56:33,261	0	0,0586222	0	
27.07.2020 10:56:33,514	0	0,0586222	0	
27.07.2020 10:56:33,779	0	0,0586222	0	
27.07.2020 10:56:34,41	0	0,0586222	0	
27.07.2020 10:56:34,309	0	0,0586222	0	
27.07.2020 10:56:34,579	0	0,0586222	0	
27.07.2020 10:56:34,851	0	0,0586222	0	
27.07.2020 10:56:35,111	0	0,0586222	0	
27.07.2020 10:56:35,383	0	0,0586222	0	
27.07.2020 10:56:35,650	0	0,0586222	0	
27.07.2020 10:56:35,912	0	0,0586222	0	
27.07.2020 10:56:36,184	0	0,0586222	0	
27.07.2020 10:56:36,435	0	0,0586222	0	
27.07.2020 10:56:36,695	0	0,0586222	0	
27.07.2020 10:56:36,963	0	0,0586222	0	
27.07.2020 10:56:37,235	0	0,0586222	0	
27.07.2020 10:56:37,497	0	0,0586222	0	
27.07.2020 10:56:37,756	0	0,0586222	0	
27.07.2020 10:56:38,19	0	0,0586222	0	
27.07.2020 10:56:38,291	0	0,0586222	0	
27.07.2020 10:56:38,543	0	0,0586222	0	
27.07.2020 10:56:38,793	0	0,0586222	0	
27.07.2020 10:56:39,44	0	0,0586222	0	
27.07.2020 10:56:39,309	0	0,0586222	0	
27.07.2020 10:56:39,569	0	0,0586222	0	
27.07.2020 10:56:39,832	0	0,0586222	0	
27.07.2020 10:56:40,103	0	0,0586222	0	
27.07.2020 10:56:40,361	0	0,0586222	0	
27.07.2020 10:56:40,612	0,2092057	0,06324184	0	
27.07.2020 10:56:40,869	0,8131355	0,07252203	0	
27.07.2020 10:56:41,121	1,314579	0,08186442	0	
27.07.2020 10:56:41,383	0,881018	0,08691275	0	
27.07.2020 10:56:41,641	0,1205653	0,08800969	0	
27.07.2020 10:56:41,905	0	0,08801857	0	
27.07.2020 10:56:42,160	0	0,08801857	0	
27.07.2020 10:56:42,430	0	0,08801857	0	
27.07.2020 10:56:42,681	0	0,08801857	0	
27.07.2020 10:56:42,932	0	0,08801857	0	
27.07.2020 10:56:43,190	0	0,08801857	0	
27.07.2020 10:56:43,453	0	0,08801857	0	
27.07.2020 10:56:43,715	0	0,08801857	0	
27.07.2020 10:56:43,974	0	0,08801857	0	
27.07.2020 10:56:44,246	0	0,08801857	0	
27.07.2020 10:56:44,508	0	0,08801857	0	
27.07.2020 10:56:44,772	0	0,08801857	0	
27.07.2020 10:56:45,42	0	0,08801857	0	
27.07.2020 10:56:45,314	0	0,08801857	0	
27.07.2020 10:56:45,577	0	0,08801857	0	
27.07.2020 10:56:45,837	0	0,08801857	0	
27.07.2020 10:56:46,96	0	0,08801857	0	
27.07.2020 10:56:46,348	0	0,08801857	0	
27.07.2020 10:56:46,606	0	0,08801857	0	
27.07.2020 10:56:46,876	0	0,08801857	0	
27.07.2020 10:56:47,148	0	0,08801857	0	
27.07.2020 10:56:47,403	0	0,08801857	0	
27.07.2020 10:56:47,664	0	0,08801857	0	
27.07.2020 10:56:47,929	0	0,08801857	0	
27.07.2020 10:56:48,180	0	0,08801857	0	
27.07.2020 10:56:48,433	0	0,08801857	0	
27.07.2020 10:56:48,692	0	0,08801857	0	
27.07.2020 10:56:48,949	0	0,08801857	0	
27.07.2020 10:56:49,222	0	0,08801857	0	
27.07.2020 10:56:49,478	0	0,08801857	0	
27.07.2020 10:56:49,746	0	0,08801857	0	
27.07.2020 10:56:49,998	0	0,08801857	0	
27.07.2020 10:56:50,253	0	0,08801857	0	
27.07.2020 10:56:50,517	0	0,08801857	0	
27.07.2020 10:56:50,784	0	0,08853575	0	
27.07.2020 10:56:51,44	0,5350863	0,09762414	0	
27.07.2020 10:56:51,318	1,134148	0,1071291	0	
27.07.2020 10:56:51,578	1,457085	0,1152094	0	
27.07.2020 10:56:51,850	0,2877832	0,1172299	0	
27.07.2020 10:56:52,119	0	0,1173307	0	
27.07.2020 10:56:52,386	0	0,1173307	0	
27.07.2020 10:56:52,644	0	0,1173307	0	
27.07.2020 10:56:52,911	0	0,1173307	0	
27.07.2020 10:56:53,161	0	0,1173307	0	
27.07.2020 10:56:53,418	0	0,1173307	0	
27.07.2020 10:56:53,672	0	0,1173307	0	
27.07.2020 10:56:53,930	0	0,1173307	0	
27.07.2020 10:56:54,188	0	0,1173307	0	
27.07.2020 10:56:54,452	0	0,1173307	0	
27.07.2020 10:56:54,713	0	0,1173307	0	
27.07.2020 10:56:54,983	0	0,1173307	0	
27.07.2020 10:56:55,239	0	0,1173307	0	
27.07.2020 10:56:55,504	0	0,1173307	0	
27.07.2020 10:56:55,775	0	0,1173307	0	
27.07.2020 10:56:56,41	0	0,1173307	0	
27.07.2020 10:56:56,300	0	0,1173307	0	
27.07.2020 10:56:56,561	0	0,1173307	0	
27.07.2020 10:56:56,813	0	0,1173307	0	
27.07.2020 10:56:57,63	0	0,1173307	0	
27.07.2020 10:56:57,333	0	0,1173307	0	
27.07.2020 10:56:57,589	0	0,1173307	0	
27.07.2020 10:56:57,860	0	0,1173307	0	
27.07.2020 10:56:58,129	0	0,1173307	0	
27.07.2020 10:56:58,390	0	0,1173307	0	
27.07.2020 10:56:58,648	0	0,1173307	0	
27.07.2020 10:56:58,899	0	0,1173307	0	
27.07.2020 10:56:59,156	0	0,1173307	0	
27.07.2020 10:56:59,421	0	0,1173307	0	
27.07.2020 10:56:59,682	0	0,1173307	0	
27.07.2020 10:56:59,954	0	0,1173307	0	
27.07.2020 10:57:00,213	0	0,1173307	0	
27.07.2020 10:57:00,477	0	0,1173307	0	
27.07.2020 10:57:00,736	0	0,1173307	0	
27.07.2020 10:57:00,987	0	0,1173307	0	
27.07.2020 10:57:01,245	0,3160702	0,1235589	0	
27.07.2020 10:57:01,505	0,9198838	0,1324365	0	
27.07.2020 10:57:01,761	1,409027	0,1419206	0	
27.07.2020 10:57:02,23	0,5947127	0,146272	0	
27.07.2020 10:57:02,294	0	0,1468366	0	
27.07.2020 10:57:02,566	0	0,1468366	0	
27.07.2020 10:57:02,823	0	0,1468366	0	
27.07.2020 10:57:03,91	0	0,1468366	0	
27.07.2020 10:57:03,353	0	0,1468366	0	
27.07.2020 10:57:03,614	0	0,1468366	0	
27.07.2020 10:57:03,885	0	0,1468366	0	
27.07.2020 10:57:04,136	0	0,1468366	0	
27.07.2020 10:57:04,393	0	0,1468366	0	
27.07.2020 10:57:04,657	0	0,1468366	0	
27.07.2020 10:57:04,919	0	0,1468366	0	
27.07.2020 10:57:05,186	0	0,1468366	0	
27.07.2020 10:57:05,458	0	0,1468366	0	
27.07.2020 10:57:05,723	0	0,1468366	0	
27.07.2020 10:57:05,988	0	0,1468366	0	
27.07.2020 10:57:06,242	0	0,1468366	0	
27.07.2020 10:57:06,494	0	0,1468366	0	
27.07.2020 10:57:06,763	0	0,1468366	0	
27.07.2020 10:57:07,16	0	0,1468366	0	
27.07.2020 10:57:07,268	0	0,1468366	0	
27.07.2020 10:57:07,533	0	0,1468366	0	
27.07.2020 10:57:07,802	0	0,1468366	0	
27.07.2020 10:57:08,63	0	0,1468366	0	
27.07.2020 10:57:08,319	0	0,1468366	0	
27.07.2020 10:57:08,571	0	0,1468366	0	
27.07.2020 10:57:08,826	0	0,1468366	0	
27.07.2020 10:57:09,85	0	0,1468366	0	
27.07.2020 10:57:09,339	0	0,1468366	0	
27.07.2020 10:57:09,609	0	0,1468366	0	
27.07.2020 10:57:09,861	0	0,1468366	0	
27.07.2020 10:57:10,120	0	0,1468366	0	
27.07.2020 10:57:10,376	0	0,1468366	0	
27.07.2020 10:57:10,667	0	0,1468366	0	
27.07.2020 10:57:10,919	0	0,1468366	0	
27.07.2020 10:57:11,173	0	0,1468366	0	
27.07.2020 10:57:11,433	0,1206333	0,1501734	0	
27.07.2020 10:57:11,702	0,7920487	0,1603041	0	
27.07.2020 10:57:11,959	1,306597	0,1691376	0	
27.07.2020 10:57:12,222	0,9535062	0,175442	0	
27.07.2020 10:57:12,488	0,1629607	0,1767563	0	
27.07.2020 10:57:12,745	0	0,1767707	0	
27.07.2020 10:57:12,997	0	0,1767707	0	
27.07.2020 10:57:13,269	0	0,1767707	0	
27.07.2020 10:57:13,529	0	0,1767707	0	
27.07.2020 10:57:13,800	0	0,1767707	0	
27.07.2020 10:57:14,54	0	0,1767707	0	
27.07.2020 10:57:14,324	0	0,1767707	0	
27.07.2020 10:57:14,580	0	0,1767707	0	
27.07.2020 10:57:14,836	0	0,1767707	0	
27.07.2020 10:57:15,87	0	0,1767707	0	
27.07.2020 10:57:15,356	0	0,1767707	0	
27.07.2020 10:57:15,617	0	0,1767707	0	
27.07.2020 10:57:15,868	0	0,1767707	0	
27.07.2020 10:57:16,132	0	0,1767707	0	
27.07.2020 10:57:16,384	0	0,1767707	0	
27.07.2020 10:57:16,653	0	0,1767707	0	
27.07.2020 10:57:16,925	0	0,1767707	0	
27.07.2020 10:57:17,180	0,008830544	0,1771884	0	
27.07.2020 10:57:17,444	0,164343	0,17903	0	
27.07.2020 10:57:17,711	0,2351903	0,1802703	0	
27.07.2020 10:57:17,967	0,2364565	0,1812246	0	
27.07.2020 10:57:18,239	0,2077086	0,1819516	0	
27.07.2020 10:57:18,494	0,1601107	0,1825186	0	
27.07.2020 10:57:18,747	0,111844	0,1830091	0	
27.07.2020 10:57:19,1	0,1127347	0,1835061	0	
27.07.2020 10:57:19,260	0,1154166	0,1839924	0	
27.07.2020 10:57:19,525	0,1216295	0,1846044	0	
27.07.2020 10:57:19,793	0,1330205	0,1852151	0	
27.07.2020 10:57:20,55	0,1430881	0,1858431	0	
27.07.2020 10:57:20,317	0,1445271	0,1864816	0	
27.07.2020 10:57:20,575	0,1451121	0,1871623	0	
27.07.2020 10:57:20,836	0,1443982	0,1877322	0	
27.07.2020 10:57:21,87	0,1437388	0,1883462	0	
27.07.2020 10:57:21,350	0,142419	0,1889506	0	
27.07.2020 10:57:21,617	0,1961636	0,1907286	0	
27.07.2020 10:57:21,872	0,737087	0,1979673	0	
27.07.2020 10:57:22,131	1,285792	0,2057972	0	
27.07.2020 10:57:22,404	1,618746	0,2144945	0	
27.07.2020 10:57:22,663	1,555892	0,2203673	0	
27.07.2020 10:57:22,935	1,134169	0,2228476	0	
27.07.2020 10:57:23,187	0,5492163	0,223433	0	
27.07.2020 10:57:23,456	0	0,223433	0	
27.07.2020 10:57:23,707	0	0,223433	0	
27.07.2020 10:57:23,966	0	0,223433	0	
27.07.2020 10:57:24,228	0	0,223433	0	
27.07.2020 10:57:24,501	0	0,223433	0	
27.07.2020 10:57:24,757	0	0,223433	0	
27.07.2020 10:57:25,19	0	0,223433	0	
27.07.2020 10:57:25,278	0,1154562	0,2250214	0	
27.07.2020 10:57:25,547	0,2618985	0,2270477	0	
27.07.2020 10:57:25,815	0,3479968	0,2287061	0	
27.07.2020 10:57:26,67	0,342049	0,2300857	0	
27.07.2020 10:57:26,325	0,3127161	0,2312509	0	
27.07.2020 10:57:26,581	0,2677071	0,2322963	0	
27.07.2020 10:57:26,848	0,2332096	0,2332117	0	
27.07.2020 10:57:27,108	0,2329172	0,2343029	0	
27.07.2020 10:57:27,367	0,2357486	0,2353592	0	
27.07.2020 10:57:27,637	0,2431153	0,2364693	0	
27.07.2020 10:57:27,888	0,2535651	0,2376204	0	
27.07.2020 10:57:28,153	0,2604835	0,2387829	0	
27.07.2020 10:57:28,422	0,264566	0,2400546	0	
27.07.2020 10:57:28,673	0,2673045	0,2411485	0	
27.07.2020 10:57:28,943	0,2693488	0,2424252	0	
27.07.2020 10:57:29,214	0,2714503	0,2436148	0	
27.07.2020 10:57:29,468	0,271793	0,2447946	0	
27.07.2020 10:57:29,727	0,2727446	0,2459881	0	
27.07.2020 10:57:29,987	0,2740078	0,2471864	0	
27.07.2020 10:57:30,251	0,2745515	0,2483857	0	
27.07.2020 10:57:30,513	0,2763804	0,2496029	0	
27.07.2020 10:57:30,785	0,2776806	0,2509027	0	
27.07.2020 10:57:31,39	0,2785031	0,2520263	0	
27.07.2020 10:57:31,305	0,2794591	0,2533393	0	
27.07.2020 10:57:31,558	0,2797639	0,2544625	0	
27.07.2020 10:57:31,821	0,2834855	0,2560005	0	
27.07.2020 10:57:32,95	0,7011455	0,2623992	0	
27.07.2020 10:57:32,363	1,223088	0,2709156	0	
27.07.2020 10:57:32,617	1,574177	0,2790738	0	
27.07.2020 10:57:32,877	1,601319	0,2864462	0	
27.07.2020 10:57:33,149	1,399349	0,2907704	0	
27.07.2020 10:57:33,408	0,8956819	0,2920766	0	
27.07.2020 10:57:33,661	0	0,2921931	0	
27.07.2020 10:57:33,935	0	0,2921931	0	
27.07.2020 10:57:34,204	0	0,2921931	0	
27.07.2020 10:57:34,466	0	0,2921931	0	
27.07.2020 10:57:34,726	0	0,2921931	0	
27.07.2020 10:57:34,987	0	0,2921931	0	
27.07.2020 10:57:35,244	0	0,2922782	0	
27.07.2020 10:57:35,501	0,2147391	0,2949891	0	
27.07.2020 10:57:35,768	0,4115859	0,2977643	0	
27.07.2020 10:57:36,39	0,5420939	0,3002208	0	
27.07.2020 10:57:36,302	0,5339943	0,3026046	0	
27.07.2020 10:57:36,554	0,5067315	0,3044585	0	
27.07.2020 10:57:36,819	0,4609041	0,306462	0	
27.07.2020 10:57:37,91	0,4314087	0,3082837	0	
27.07.2020 10:57:37,352	0,4281183	0,3101173	0	
27.07.2020 10:57:37,606	0,4285679	0,3119923	0	
27.07.2020 10:57:37,856	0,4336968	0,3137755	0	
27.07.2020 10:57:38,115	0,4401941	0,3157395	0	
27.07.2020 10:57:38,372	0,4463382	0,3177354	0	
27.07.2020 10:57:38,638	0,4528351	0,3199026	0	
27.07.2020 10:57:38,899	0,4566846	0,3217621	0	
27.07.2020 10:57:39,172	0,4603511	0,3239475	0	
27.07.2020 10:57:39,440	0,463174	0,3259749	0	
27.07.2020 10:57:39,705	0,4654319	0,3281687	0	
27.07.2020 10:57:39,962	0,4679254	0,3302183	0	
27.07.2020 10:57:40,222	0,4697427	0,3322734	0	
27.07.2020 10:57:40,472	0,4723153	0,3341885	0	
27.07.2020 10:57:40,744	0,4753881	0,3367558	0	
27.07.2020 10:57:41,12	0,4776332	0,338685	0	
27.07.2020 10:57:41,273	0,4796819	0,3406205	0	
27.07.2020 10:57:41,528	0,4814823	0,3427235	0	
27.07.2020 10:57:41,800	0,4841148	0,3450089	0	
27.07.2020 10:57:42,73	0,4867187	0,3471629	0	
27.07.2020 10:57:42,336	0,7474952	0,3528683	0	
27.07.2020 10:57:42,607	1,199214	0,3615567	0	
27.07.2020 10:57:42,867	1,545625	0,3698486	0	
27.07.2020 10:57:43,131	1,601096	0,3783846	0	
27.07.2020 10:57:43,403	1,60414	0,3861361	0	
27.07.2020 10:57:43,670	1,319832	0,3897621	0	
27.07.2020 10:57:43,932	0,7961429	0,3910458	0	
27.07.2020 10:57:44,183	0,2095848	0,3915038	0	
27.07.2020 10:57:44,454	0,07898536	0,3918632	0	
27.07.2020 10:57:44,726	0,1138468	0,3927308	0	
27.07.2020 10:57:44,998	0,2405467	0,3941894	0	
27.07.2020 10:57:45,267	0,4521187	0,3962746	0	
27.07.2020 10:57:45,522	0,4906773	0,3984714	0	
27.07.2020 10:57:45,777	0,5056829	0,400601	0	
27.07.2020 10:57:46,49	0,5182433	0,4030846	0	
27.07.2020 10:57:46,306	0,5198051	0,4053433	0	
27.07.2020 10:57:46,559	0,5184962	0,4075708	0	
27.07.2020 10:57:46,827	0,5150805	0,4097775	0	
27.07.2020 10:57:47,85	0,5246043	0,4121936	0	
27.07.2020 10:57:47,348	0,5734167	0,4150285	0	
27.07.2020 10:57:47,620	0,6912795	0,4182849	0	
27.07.2020 10:57:47,890	0,8359643	0,422126	0	
27.07.2020 10:57:48,155	0,8432713	0,4258508	0	
27.07.2020 10:57:48,420	0,8531291	0,429925	0	
27.07.2020 10:57:48,681	0,8594503	0,4336985	0	
27.07.2020 10:57:48,933	0,8607069	0,4371485	0	
27.07.2020 10:57:49,189	0,8599862	0,440868	0	
27.07.2020 10:57:49,457	0,8580932	0,4445677	0	
27.07.2020 10:57:49,723	0,8575011	0,4485658	0	
27.07.2020 10:57:49,992	0,8587297	0,4523016	0	
27.07.2020 10:57:50,263	0,8612541	0,4563525	0	
27.07.2020 10:57:50,537	0,8664669	0,4601499	0	
27.07.2020 10:57:50,809	0,8712867	0,4642626	0	
27.07.2020 10:57:51,60	0,8766595	0,4681137	0	
27.07.2020 10:57:51,310	0,8816472	0,4716868	0	
27.07.2020 10:57:51,574	0,8865475	0,4755706	0	
27.07.2020 10:57:51,826	0,8911345	0,4794805	0	
27.07.2020 10:57:52,98	0,8962473	0,483708	0	
27.07.2020 10:57:52,365	0,9012913	0,4876806	0	
27.07.2020 10:57:52,629	1,064408	0,4942678	0	
27.07.2020 10:57:52,901	1,354603	0,5021145	0	
27.07.2020 10:57:53,155	1,565552	0,5102376	0	
27.07.2020 10:57:53,408	1,6027	0,5186086	0	
27.07.2020 10:57:53,667	1,60855	0,5272247	0	
27.07.2020 10:57:53,921	1,612422	0,5361249	0	
27.07.2020 10:57:54,193	1,614985	0,5451032	0	
27.07.2020 10:57:54,460	1,480728	0,5504833	0	
27.07.2020 10:57:54,734	1,070055	0,5531911	0	
27.07.2020 10:57:55,1	0,6460138	0,5554397	0	
27.07.2020 10:57:55,267	0,5259258	0,5577447	0	
27.07.2020 10:57:55,535	0,575256	0,5606144	0	
27.07.2020 10:57:55,802	0,6969786	0,5643894	0	
27.07.2020 10:57:56,61	0,9001849	0,568336	0	
27.07.2020 10:57:56,315	0,9510964	0,5721976	0	
27.07.2020 10:57:56,568	0,9630836	0,5764894	0	
27.07.2020 10:57:56,834	0,9741275	0,5811253	0	
27.07.2020 10:57:57,105	0,9802938	0,5850939	0	
27.07.2020 10:57:57,376	0,9827166	0,5896996	0	
27.07.2020 10:57:57,641	0,9833339	0,5942962	0	
27.07.2020 10:57:57,910	0,985318	0,5985827	0	
27.07.2020 10:57:58,162	0,987767	0,6028881	0	
27.07.2020 10:57:58,422	0,9921568	0,6072331	0	
27.07.2020 10:57:58,679	0,9978945	0,6112756	0	
27.07.2020 10:57:58,932	1,003023	0,6156789	0	
27.07.2020 10:57:59,184	1,009536	0,6201121	0	
27.07.2020 10:57:59,445	1,014939	0,6245573	0	
27.07.2020 10:57:59,716	1,020479	0,6290254	0	
27.07.2020 10:57:59,987	1,025126	0,6338524	0	
27.07.2020 10:58:00,255	1,028622	0,6386885	0	
27.07.2020 10:58:00,512	1,032338	0,6428539	0	
27.07.2020 10:58:00,765	1,035818	0,6473731	0	
27.07.2020 10:58:01,34	1,039918	0,6522619	0	
27.07.2020 10:58:01,297	1,043548	0,6564653	0	
27.07.2020 10:58:01,566	1,046055	0,6613767	0	
27.07.2020 10:58:01,828	1,049706	0,6659588	0	
27.07.2020 10:58:02,86	1,05186	0,6705334	0	
27.07.2020 10:58:02,339	1,054164	0,6747692	0	
27.07.2020 10:58:02,609	1,056853	0,6797245	0	
27.07.2020 10:58:02,878	1,151545	0,6858295	0	
27.07.2020 10:58:03,138	1,363032	0,693521	0	
27.07.2020 10:58:03,394	1,536709	0,7015052	0	
27.07.2020 10:58:03,659	1,590068	0,7103802	0	
27.07.2020 10:58:03,926	1,60019	0,7188999	0	
27.07.2020 10:58:04,196	1,607299	0,72834	0	
27.07.2020 10:58:04,466	1,611594	0,7366705	0	
27.07.2020 10:58:04,734	1,61461	0,7466476	0	
27.07.2020 10:58:04,987	1,543051	0,7525085	0	
27.07.2020 10:58:05,248	1,191143	0,7553857	0	
27.07.2020 10:58:05,522	0,685273	0,7573814	0	
27.07.2020 10:58:05,782	0,4130294	0,7591432	0	
27.07.2020 10:58:06,54	0,444056	0,761319	0	
27.07.2020 10:58:06,317	0,531217	0,7640515	0	
27.07.2020 10:58:06,568	0,6750195	0,767247	0	
27.07.2020 10:58:06,823	0,798528	0,7707128	0	
27.07.2020 10:58:07,89	0,8090527	0,7743263	0	
27.07.2020 10:58:07,346	0,8193499	0,7779648	0	
27.07.2020 10:58:07,600	0,8242049	0,781572	0	
27.07.2020 10:58:07,862	0,8248773	0,7851452	0	
27.07.2020 10:58:08,134	0,82208	0,7886796	0	
27.07.2020 10:58:08,395	0,8199571	0,7924882	0	
27.07.2020 10:58:08,665	0,819073	0,7957596	0	
27.07.2020 10:58:08,933	0,8191787	0,799585	0	
27.07.2020 10:58:09,208	0,8206288	0,8034317	0	
27.07.2020 10:58:09,469	0,8221744	0,8070063	0	
27.07.2020 10:58:09,735	0,8235986	0,8105881	0	
27.07.2020 10:58:10,4	0,8252144	0,8144539	0	
27.07.2020 10:58:10,254	0,826651	0,8177747	0	
27.07.2020 10:58:10,517	0,828359	0,8213812	0	
27.07.2020 10:58:10,788	0,8292601	0,8252574	0	
27.07.2020 10:58:11,40	0,8303217	0,8285863	0	
27.07.2020 10:58:11,295	0,8310532	0,8321912	0	
27.07.2020 10:58:11,555	0,8304998	0,8357861	0	
27.07.2020 10:58:11,829	0,8310177	0,8396728	0	
27.07.2020 10:58:12,87	0,8308526	0,843267	0	
27.07.2020 10:58:12,350	0,8300503	0,846859	0	
27.07.2020 10:58:12,618	0,8301864	0,8504544	0	
27.07.2020 10:58:12,891	0,8291712	0,8543175	0	
27.07.2020 10:58:13,153	0,8876672	0,8599352	0	
27.07.2020 10:58:13,422	1,221438	0,8670325	0	
27.07.2020 10:58:13,687	1,481043	0,8755937	0	
27.07.2020 10:58:13,945	1,598507	0,8838123	0	
27.07.2020 10:58:14,197	1,605775	0,8915919	0	
27.07.2020 10:58:14,468	1,610586	0,9009288	0	
27.07.2020 10:58:14,719	1,613769	0,9094298	0	
27.07.2020 10:58:14,986	1,447678	0,9137717	0	
27.07.2020 10:58:15,242	1,034876	0,9159473	0	
27.07.2020 10:58:15,513	0,5523779	0,917647	0	
27.07.2020 10:58:15,781	0,3769948	0,9194224	0	
27.07.2020 10:58:16,34	0,4161436	0,9214056	0	
27.07.2020 10:58:16,292	0,5130311	0,9241115	0	
27.07.2020 10:58:16,546	0,6907795	0,9272652	0	
27.07.2020 10:58:16,798	0,7725803	0,9306659	0	
27.07.2020 10:58:17,65	0,7852765	0,9339167	0	
27.07.2020 10:58:17,333	0,7957062	0,937723	0	
27.07.2020 10:58:17,589	0,8001954	0,941225	0	
27.07.2020 10:58:17,841	0,8009267	0,9444293	0	
27.07.2020 10:58:18,114	0,798507	0,9481323	0	
27.07.2020 10:58:18,371	0,796586	0,9515651	0	
27.07.2020 10:58:18,641	0,7953401	0,9550027	0	
27.07.2020 10:58:18,892	0,7940943	0,9584164	0	
27.07.2020 10:58:19,163	0,7741657	0,9617963	0	
27.07.2020 10:58:19,415	0,7123009	0,9644691	0	
27.07.2020 10:58:19,669	0,6094951	0,9666033	0	
27.07.2020 10:58:19,920	0,4811931	0,9685474	0	
27.07.2020 10:58:20,183	0,4732322	0,9707122	0	
27.07.2020 10:58:20,442	0,4713466	0,9727507	0	
27.07.2020 10:58:20,699	0,4753736	0,9746971	0	
27.07.2020 10:58:20,956	0,4842497	0,9768819	0	
27.07.2020 10:58:21,217	0,4983062	0,9793097	0	
27.07.2020 10:58:21,472	0,5085418	0,9815871	0	
27.07.2020 10:58:21,736	0,5162993	0,9837115	0	
27.07.2020 10:58:21,990	0,5212219	0,9860149	0	
27.07.2020 10:58:22,254	0,5243983	0,9884933	0	
27.07.2020 10:58:22,516	0,5270879	0,9906238	0	
27.07.2020 10:58:22,769	0,5284491	0,9929237	0	
27.07.2020 10:58:23,54	0,5300075	0,9955873	0	
27.07.2020 10:58:23,323	0,5321465	0,9977813	0	
27.07.2020 10:58:23,593	0,8159713	1,00446	0	
27.07.2020 10:58:23,868	1,259935	1,012849	0	
27.07.2020 10:58:24,132	1,56517	1,020861	0	
27.07.2020 10:58:24,391	1,603123	1,029092	0	
27.07.2020 10:58:24,642	1,60883	1,037139	0	
27.07.2020 10:58:24,903	1,424368	1,041032	0	
27.07.2020 10:58:25,170	0,9625326	1,043069	0	
27.07.2020 10:58:25,432	0,3588034	1,043831	0	
27.07.2020 10:58:25,691	0,110206	1,044264	0	
27.07.2020 10:58:25,961	0,1316305	1,045121	0	
27.07.2020 10:58:26,227	0,2184154	1,046515	0	
27.07.2020 10:58:26,488	0,39083	1,048407	0	
27.07.2020 10:58:26,744	0,4964753	1,050586	0	
27.07.2020 10:58:27,1	0,5080659	1,052899	0	
27.07.2020 10:58:27,274	0,521231	1,055235	0	
27.07.2020 10:58:27,539	0,5242225	1,057525	0	
27.07.2020 10:58:27,797	0,5229468	1,059951	0	
27.07.2020 10:58:28,67	0,5197257	1,062171	0	
27.07.2020 10:58:28,330	0,5162327	1,064378	0	
27.07.2020 10:58:28,596	0,5143421	1,06676	0	
27.07.2020 10:58:28,857	0,5133918	1,068807	0	
27.07.2020 10:58:29,113	0,514339	1,07105	0	
27.07.2020 10:58:29,386	0,5167497	1,073486	0	
27.07.2020 10:58:29,656	0,5191013	1,075755	0	
27.07.2020 10:58:29,913	0,5211773	1,078032	0	
27.07.2020 10:58:30,168	0,5223962	1,080305	0	
27.07.2020 10:58:30,421	0,5232901	1,082582	0	
27.07.2020 10:58:30,691	0,5242755	1,084863	0	
27.07.2020 10:58:30,946	0,5246316	1,087143	0	
27.07.2020 10:58:31,202	0,5259827	1,089437	0	
27.07.2020 10:58:31,460	0,5265754	1,09172	0	
27.07.2020 10:58:31,731	0,5269278	1,094006	0	
27.07.2020 10:58:31,982	0,5270674	1,096288	0	
27.07.2020 10:58:32,254	0,5262886	1,098744	0	
27.07.2020 10:58:32,509	0,5267826	1,100855	0	
27.07.2020 10:58:32,764	0,5265825	1,103131	0	
27.07.2020 10:58:33,22	0,5263017	1,105411	0	
27.07.2020 10:58:33,278	0,5268923	1,107698	0	
27.07.2020 10:58:33,535	0,5267209	1,1098	0	
27.07.2020 10:58:33,789	0,6258109	1,114254	0	
27.07.2020 10:58:34,61	1,10582	1,1226	0	
27.07.2020 10:58:34,320	1,465057	1,129971	0	
27.07.2020 10:58:34,575	1,599967	1,138184	0	
27.07.2020 10:58:34,830	1,606314	1,146591	0	
27.07.2020 10:58:35,117	1,489718	1,152454	0	
27.07.2020 10:58:35,383	1,067008	1,15482	0	
27.07.2020 10:58:35,642	0,4831654	1,15565	0	
27.07.2020 10:58:35,906	0,1041651	1,156077	0	
27.07.2020 10:58:36,169	0,1166748	1,156762	0	
27.07.2020 10:58:36,422	0,1820122	1,157983	0	
27.07.2020 10:58:36,677	0,3272637	1,159734	0	
27.07.2020 10:58:36,940	0,4835734	1,161633	0	
27.07.2020 10:58:37,201	0,4843811	1,163889	0	
27.07.2020 10:58:37,464	0,473249	1,165814	0	
27.07.2020 10:58:37,734	0,4403081	1,167559	0	
27.07.2020 10:58:37,989	0,3933365	1,169164	0	
27.07.2020 10:58:38,255	0,3608331	1,17082	0	
27.07.2020 10:58:38,516	0,3589723	1,172245	0	
27.07.2020 10:58:38,769	0,3596643	1,173814	0	
27.07.2020 10:58:39,31	0,3629392	1,175548	0	
27.07.2020 10:58:39,281	0,368936	1,177078	0	
27.07.2020 10:58:39,538	0,375155	1,178761	0	
27.07.2020 10:58:39,796	0,3816966	1,180344	0	
27.07.2020 10:58:40,68	0,3863908	1,182191	0	
27.07.2020 10:58:40,337	0,3894819	1,183903	0	
27.07.2020 10:58:40,599	0,392197	1,185622	0	
27.07.2020 10:58:40,854	0,3931733	1,187333	0	
27.07.2020 10:58:41,150	0,3944298	1,189319	0	
27.07.2020 10:58:41,412	0,3954523	1,191042	0	
27.07.2020 10:58:41,663	0,3962906	1,19277	0	
27.07.2020 10:58:41,933	0,3979461	1,194506	0	
27.07.2020 10:58:42,205	0,3982096	1,196364	0	
27.07.2020 10:58:42,475	0,3990301	1,198103	0	
27.07.2020 10:58:42,734	0,3992664	1,199836	0	
27.07.2020 10:58:42,992	0,3995599	1,20157	0	
27.07.2020 10:58:43,258	0,4000606	1,203439	0	
27.07.2020 10:58:43,511	0,39992	1,205037	0	
27.07.2020 10:58:43,772	0,4002501	1,206775	0	
27.07.2020 10:58:44,31	0,4273882	1,209482	0	
27.07.2020 10:58:44,285	0,8865217	1,216941	0	
27.07.2020 10:58:44,555	1,35624	1,224863	0	
27.07.2020 10:58:44,809	1,594061	1,232976	0	
27.07.2020 10:58:45,82	1,604978	1,241584	0	
27.07.2020 10:58:45,335	1,425104	1,24551	0	
27.07.2020 10:58:45,589	0,9832245	1,247255	0	
27.07.2020 10:58:45,844	0,3578717	1,247687	0	
27.07.2020 10:58:46,101	0	1,247687	0	
27.07.2020 10:58:46,357	0	1,247687	0	
27.07.2020 10:58:46,618	0	1,247687	0	
27.07.2020 10:58:46,872	0	1,247687	0	
27.07.2020 10:58:47,141	0,1685593	1,25013	0	
27.07.2020 10:58:47,397	0,3505389	1,252333	0	
27.07.2020 10:58:47,655	0,4634871	1,254537	0	
27.07.2020 10:58:47,919	0,4617394	1,256599	0	
27.07.2020 10:58:48,191	0,4340822	1,25827	0	
27.07.2020 10:58:48,449	0,3881352	1,259803	0	
27.07.2020 10:58:48,701	0,3526706	1,261311	0	
27.07.2020 10:58:48,952	0,3522021	1,262723	0	
27.07.2020 10:58:49,219	0,3554579	1,264296	0	
27.07.2020 10:58:49,485	0,3617797	1,266048	0	
27.07.2020 10:58:49,741	0,3685302	1,267706	0	
27.07.2020 10:58:50,2	0,3753528	1,269266	0	
27.07.2020 10:58:50,257	0,3809704	1,270967	0	
27.07.2020 10:58:50,515	0,385017	1,272672	0	
27.07.2020 10:58:50,786	0,3884288	1,274517	0	
27.07.2020 10:58:51,47	0,3899028	1,276215	0	
27.07.2020 10:58:51,308	0,3911072	1,277922	0	
27.07.2020 10:58:51,566	0,3922193	1,279628	0	
27.07.2020 10:58:51,834	0,3921164	1,281325	0	
27.07.2020 10:58:52,93	0,386859	1,282926	0	
27.07.2020 10:58:52,362	0,3600675	1,284412	0	
27.07.2020 10:58:52,618	0,3086156	1,285501	0	
27.07.2020 10:58:52,882	0,2385289	1,286638	0	
27.07.2020 10:58:53,152	0,232958	1,287704	0	
27.07.2020 10:58:53,417	0,231901	1,288629	0	
27.07.2020 10:58:53,686	0,2333748	1,289738	0	
27.07.2020 10:58:53,940	0,2374642	1,290808	0	
27.07.2020 10:58:54,203	0,2451259	1,291846	0	
27.07.2020 10:58:54,475	0,8120791	1,297133	0	
27.07.2020 10:58:54,745	1,608978	1,305676	0	
27.07.2020 10:58:55,11	1,618997	1,313859	0	
27.07.2020 10:58:55,272	1,619336	1,321897	0	
27.07.2020 10:58:55,542	1,402332	1,326087	0	
27.07.2020 10:58:55,815	0,827706	1,327247	0	
27.07.2020 10:58:56,68	0	1,327306	0	
27.07.2020 10:58:56,328	0	1,327306	0	
27.07.2020 10:58:56,596	0	1,327306	0	
27.07.2020 10:58:56,863	0	1,327306	0	
27.07.2020 10:58:57,134	0	1,327306	0	
27.07.2020 10:58:57,393	0	1,327306	0	
27.07.2020 10:58:57,649	0	1,327306	0	
27.07.2020 10:58:57,921	0	1,327306	0	
27.07.2020 10:58:58,190	0,1673934	1,329679	0	
27.07.2020 10:58:58,450	0,3053232	1,331599	0	
27.07.2020 10:58:58,704	0,3578443	1,333213	0	
27.07.2020 10:58:58,959	0,3422619	1,334439	0	
27.07.2020 10:58:59,246	0,2982676	1,3357	0	
27.07.2020 10:58:59,512	0,2430326	1,336674	0	
27.07.2020 10:58:59,762	0,2210383	1,337555	0	
27.07.2020 10:59:00,32	0,2218172	1,338604	0	
27.07.2020 10:59:00,283	0,2265162	1,339634	0	
27.07.2020 10:59:00,549	0,2358873	1,34071	0	
27.07.2020 10:59:00,801	0,2487279	1,341821	0	
27.07.2020 10:59:01,61	0,2481144	1,342843	0	
27.07.2020 10:59:01,318	0,2267343	1,34364	0	
27.07.2020 10:59:01,590	0,1794838	1,344225	0	
27.07.2020 10:59:01,853	0,09826319	1,344636	0	
27.07.2020 10:59:02,125	0,07796645	1,344964	0	
27.07.2020 10:59:02,377	0,07642967	1,345286	0	
27.07.2020 10:59:02,647	0,07760727	1,345664	0	
27.07.2020 10:59:02,911	0,0841222	1,346078	0	
27.07.2020 10:59:03,164	0,09743948	1,346542	0	
27.07.2020 10:59:03,424	0,1125803	1,347038	0	
27.07.2020 10:59:03,689	0,1144951	1,347552	0	
27.07.2020 10:59:03,943	0,1156112	1,348021	0	
27.07.2020 10:59:04,198	0,1156068	1,348521	0	
27.07.2020 10:59:04,452	0,1155905	1,34902	0	
27.07.2020 10:59:04,720	0,2670701	1,352489	0	
27.07.2020 10:59:04,980	0,903424	1,359552	0	
27.07.2020 10:59:05,232	1,390571	1,368088	0	
27.07.2020 10:59:05,486	1,618794	1,375179	0	
27.07.2020 10:59:05,741	1,416999	1,379092	0	
27.07.2020 10:59:06,15	0,8361604	1,380252	0	
27.07.2020 10:59:06,278	0	1,380267	0	
27.07.2020 10:59:06,538	0	1,380267	0	
27.07.2020 10:59:06,807	0	1,380267	0	
27.07.2020 10:59:07,59	0	1,380267	0	
27.07.2020 10:59:07,328	0	1,380267	0	
27.07.2020 10:59:07,593	0	1,380267	0	
27.07.2020 10:59:07,843	0	1,380267	0	
27.07.2020 10:59:08,115	0	1,380267	0	
27.07.2020 10:59:08,375	0	1,380267	0	
27.07.2020 10:59:08,645	0	1,380267	0	
27.07.2020 10:59:08,899	0	1,380267	0	
27.07.2020 10:59:09,150	0	1,380267	0	
27.07.2020 10:59:09,405	0	1,380267	0	
27.07.2020 10:59:09,677	0	1,380267	0	
27.07.2020 10:59:09,943	0	1,380267	0	
27.07.2020 10:59:10,205	0	1,380267	0	
27.07.2020 10:59:10,473	0	1,380267	0	
27.07.2020 10:59:10,726	0	1,380267	0	
27.07.2020 10:59:10,982	0,03168053	1,381195	0	
27.07.2020 10:59:11,241	0,1739349	1,382692	0	
27.07.2020 10:59:11,493	0,2215091	1,383701	0	
27.07.2020 10:59:11,745	0,1977852	1,384491	0	
27.07.2020 10:59:12,1	0,0990717	1,384992	0	
27.07.2020 10:59:12,264	0,07688451	1,38525	0	
27.07.2020 10:59:12,533	0	1,385354	0	
27.07.2020 10:59:12,805	0	1,385354	0	
27.07.2020 10:59:13,71	0	1,385354	0	
27.07.2020 10:59:13,334	0	1,385354	0	
27.07.2020 10:59:13,601	0	1,385354	0	
27.07.2020 10:59:13,874	0	1,385354	0	
27.07.2020 10:59:14,128	0	1,385354	0	
27.07.2020 10:59:14,397	0	1,385354	0	
27.07.2020 10:59:14,656	0	1,385354	0	
27.07.2020 10:59:14,928	0,04249488	1,386842	0	
27.07.2020 10:59:15,181	0,6228516	1,393838	0	
27.07.2020 10:59:15,445	1,207816	1,401636	0	
27.07.2020 10:59:15,708	1,609776	1,409339	0	
27.07.2020 10:59:15,966	0,7785906	1,413559	0	
27.07.2020 10:59:16,217	0,1755961	1,414837	0	
27.07.2020 10:59:16,486	0	1,414902	0	
27.07.2020 10:59:16,750	0	1,414902	0	
27.07.2020 10:59:17,6	0	1,414902	0	
27.07.2020 10:59:17,258	0	1,414902	0	
27.07.2020 10:59:17,513	0	1,414902	0	
27.07.2020 10:59:17,776	0	1,414902	0	
27.07.2020 10:59:18,34	0	1,414902	0	
27.07.2020 10:59:18,292	0	1,414902	0	
27.07.2020 10:59:18,560	0	1,414902	0	
27.07.2020 10:59:18,818	0	1,414902	0	
27.07.2020 10:59:19,71	0	1,414902	0	
27.07.2020 10:59:19,332	0	1,414902	0	
27.07.2020 10:59:19,584	0	1,414902	0	
27.07.2020 10:59:19,855	0	1,414902	0	
27.07.2020 10:59:20,115	0	1,414902	0	
27.07.2020 10:59:20,376	0	1,414902	0	
27.07.2020 10:59:20,641	0	1,414902	0	
27.07.2020 10:59:20,910	0	1,414902	0	
27.07.2020 10:59:21,173	0	1,414902	0	
27.07.2020 10:59:21,442	0	1,414902	0	
27.07.2020 10:59:21,716	0	1,414902	0	
27.07.2020 10:59:21,980	0	1,414902	0	
27.07.2020 10:59:22,234	0	1,414902	0	
27.07.2020 10:59:22,492	0	1,414902	0	
27.07.2020 10:59:22,752	0	1,414902	0	
27.07.2020 10:59:23,11	0	1,414902	0	
27.07.2020 10:59:23,264	0	1,414902	0	
27.07.2020 10:59:23,538	0	1,414902	0	
27.07.2020 10:59:23,809	0	1,414902	0	
27.07.2020 10:59:24,68	0	1,414902	0	
27.07.2020 10:59:24,329	0	1,414902	0	
27.07.2020 10:59:24,583	0	1,414902	0	
27.07.2020 10:59:24,842	0	1,414902	0	
27.07.2020 10:59:25,103	0	1,414902	0	
27.07.2020 10:59:25,367	0,01554041	1,416603	0	
27.07.2020 10:59:25,621	0,6282638	1,426616	0	
27.07.2020 10:59:25,872	1,134582	1,435989	0	
27.07.2020 10:59:26,139	1,048161	1,442559	0	
27.07.2020 10:59:26,398	0,06835242	1,443712	0	
27.07.2020 10:59:26,664	0	1,443712	0	
27.07.2020 10:59:26,929	0	1,443712	0	
27.07.2020 10:59:27,187	0	1,443712	0	
27.07.2020 10:59:27,442	0	1,443712	0	
27.07.2020 10:59:27,709	0	1,443712	0	
27.07.2020 10:59:27,970	0	1,443712	0	
27.07.2020 10:59:28,238	0	1,443712	0	
27.07.2020 10:59:28,498	0	1,443712	0	
27.07.2020 10:59:28,769	0	1,443712	0	
27.07.2020 10:59:29,33	0	1,443712	0	
27.07.2020 10:59:29,294	0	1,443712	0	
27.07.2020 10:59:29,549	0	1,443712	0	
27.07.2020 10:59:29,812	0	1,443712	0	
27.07.2020 10:59:30,83	0	1,443712	0	
27.07.2020 10:59:30,338	0	1,443712	0	
27.07.2020 10:59:30,594	0	1,443712	0	
27.07.2020 10:59:30,845	0	1,443712	0	
27.07.2020 10:59:31,115	0	1,443712	0	
27.07.2020 10:59:31,387	0	1,443712	0	
27.07.2020 10:59:31,650	0	1,443712	0	
27.07.2020 10:59:31,919	0	1,443712	0	
27.07.2020 10:59:32,173	0	1,443712	0	
27.07.2020 10:59:32,441	0	1,443712	0	
27.07.2020 10:59:32,699	0	1,443712	0	
27.07.2020 10:59:32,962	0	1,443712	0	
27.07.2020 10:59:33,225	0	1,443712	0	
27.07.2020 10:59:33,477	0	1,443712	0	
27.07.2020 10:59:33,729	0	1,443712	0	
27.07.2020 10:59:33,996	0	1,443712	0	
27.07.2020 10:59:34,254	0	1,443712	0	
27.07.2020 10:59:34,519	0	1,443712	0	
27.07.2020 10:59:34,780	0	1,443712	0	
27.07.2020 10:59:35,42	0	1,443712	0	
27.07.2020 10:59:35,296	0	1,443712	0	
27.07.2020 10:59:35,570	0	1,443712	0	
27.07.2020 10:59:35,837	0,3953317	1,451525	0	
27.07.2020 10:59:36,100	0,9763663	1,460817	0	
27.07.2020 10:59:36,355	1,439685	1,469804	0	
27.07.2020 10:59:36,608	0,3557608	1,472289	0	
27.07.2020 10:59:36,876	0	1,472455	0	
27.07.2020 10:59:37,138	0	1,472455	0	
27.07.2020 10:59:37,405	0	1,472455	0	
27.07.2020 10:59:37,661	0	1,472455	0	
27.07.2020 10:59:37,930	0	1,472455	0	
27.07.2020 10:59:38,187	0	1,472455	0	
27.07.2020 10:59:38,440	0	1,472455	0	
27.07.2020 10:59:38,701	0	1,472455	0	
27.07.2020 10:59:38,965	0	1,472455	0	
27.07.2020 10:59:39,230	0	1,472455	0	
27.07.2020 10:59:39,500	0	1,472455	0	
27.07.2020 10:59:39,755	0	1,472455	0	
27.07.2020 10:59:40,13	0	1,472455	0	
27.07.2020 10:59:40,265	0	1,472455	0	
27.07.2020 10:59:40,537	0	1,472455	0	
27.07.2020 10:59:40,807	0	1,472455	0	
27.07.2020 10:59:41,67	0	1,472455	0	
27.07.2020 10:59:41,336	0	1,472455	0	
27.07.2020 10:59:41,596	0	1,472455	0	
27.07.2020 10:59:41,869	0	1,472455	0	
27.07.2020 10:59:42,123	0	1,472455	0	
27.07.2020 10:59:42,383	0	1,472455	0	
27.07.2020 10:59:42,641	0	1,472455	0	
27.07.2020 10:59:42,909	0	1,472455	0	
27.07.2020 10:59:43,177	0	1,472455	0	
27.07.2020 10:59:43,450	0	1,472455	0	
27.07.2020 10:59:43,716	0	1,472455	0	
27.07.2020 10:59:43,984	0	1,472455	0	
27.07.2020 10:59:44,246	0	1,472455	0	
27.07.2020 10:59:44,501	0	1,472455	0	
27.07.2020 10:59:44,771	0	1,472455	0	
27.07.2020 10:59:45,40	0	1,472455	0	
27.07.2020 10:59:45,307	0	1,472455	0	
27.07.2020 10:59:45,571	0	1,472455	0	
27.07.2020 10:59:45,828	0	1,472455	0	
27.07.2020 10:59:46,84	0,2273542	1,476787	0	
27.07.2020 10:59:46,350	0,8363157	1,487436	0	
27.07.2020 10:59:46,607	1,346773	1,497091	0	
27.07.2020 10:59:46,874	0,4956305	1,500893	0	
27.07.2020 10:59:47,130	0	1,501355	0	
27.07.2020 10:59:47,401	0	1,501355	0	
27.07.2020 10:59:47,657	0	1,501355	0	
27.07.2020 10:59:47,924	0	1,501355	0	
27.07.2020 10:59:48,188	0	1,501355	0	
27.07.2020 10:59:48,456	0	1,501355	0	
27.07.2020 10:59:48,715	0	1,501355	0	
27.07.2020 10:59:48,983	0	1,501355	0	
27.07.2020 10:59:49,251	0	1,501355	0	
27.07.2020 10:59:49,502	0	1,501355	0	
27.07.2020 10:59:49,776	0	1,501355	0	
27.07.2020 10:59:50,38	0	1,501355	0	
27.07.2020 10:59:50,293	0	1,501355	0	
27.07.2020 10:59:50,566	0	1,501355	0	
27.07.2020 10:59:50,833	0	1,501355	0	
27.07.2020 10:59:51,89	0	1,501355	0	
27.07.2020 10:59:51,352	0	1,501355	0	
27.07.2020 10:59:51,619	0	1,501355	0	
27.07.2020 10:59:51,877	0	1,501355	0	
27.07.2020 10:59:52,147	0	1,501355	0	
27.07.2020 10:59:52,418	0	1,501355	0	
27.07.2020 10:59:52,689	0	1,501355	0	
27.07.2020 10:59:52,955	0	1,501355	0	
27.07.2020 10:59:53,207	0	1,501355	0	
27.07.2020 10:59:53,472	0	1,501355	0	
27.07.2020 10:59:53,728	0	1,501355	0	
27.07.2020 10:59:53,987	0	1,501355	0	
27.07.2020 10:59:54,238	0	1,501355	0	
27.07.2020 10:59:54,493	0	1,501355	0	
27.07.2020 10:59:54,762	0	1,501355	0	
27.07.2020 10:59:55,13	0	1,501355	0	
27.07.2020 10:59:55,278	0	1,501355	0	
27.07.2020 10:59:55,547	0	1,501355	0	
27.07.2020 10:59:55,813	0	1,501355	0	
27.07.2020 10:59:56,73	0	1,501355	0	
27.07.2020 10:59:56,342	0,09559103	1,504509	0	
27.07.2020 10:59:56,592	0,6720452	1,514354	0	
27.07.2020 10:59:56,863	1,247743	1,524249	0	
27.07.2020 10:59:57,124	0,8804329	1,529362	0	
27.07.2020 10:59:57,394	0,04232183	1,530222	0	
27.07.2020 10:59:57,655	0	1,530222	0	
27.07.2020 10:59:57,923	0	1,530222	0	
27.07.2020 10:59:58,176	0	1,530222	0	
27.07.2020 10:59:58,440	0	1,530222	0	
27.07.2020 10:59:58,699	0	1,530222	0	
27.07.2020 10:59:58,968	0	1,530222	0	
27.07.2020 10:59:59,229	0	1,530222	0	
27.07.2020 10:59:59,491	0	1,530222	0	
27.07.2020 10:59:59,757	0	1,530222	0	
27.07.2020 11:00:00,16	0	1,530222	0	
27.07.2020 11:00:00,280	0	1,530222	0	
27.07.2020 11:00:00,536	0	1,530222	0	
27.07.2020 11:00:00,792	0	1,530222	0	
27.07.2020 11:00:01,53	0	1,530222	0	
27.07.2020 11:00:01,325	0	1,530222	0	
27.07.2020 11:00:01,577	0	1,530222	0	
27.07.2020 11:00:01,849	0	1,530222	0	
27.07.2020 11:00:02,104	0	1,530222	0	
27.07.2020 11:00:02,371	0	1,530222	0	
27.07.2020 11:00:02,636	0	1,530222	0	
27.07.2020 11:00:02,899	0	1,530222	0	
27.07.2020 11:00:03,158	0	1,530222	0	
27.07.2020 11:00:03,425	0	1,530222	0	
27.07.2020 11:00:03,685	0	1,530222	0	
27.07.2020 11:00:03,956	0	1,530222	0	
27.07.2020 11:00:04,215	0	1,530222	0	
27.07.2020 11:00:04,478	0	1,530222	0	
27.07.2020 11:00:04,740	0	1,530222	0	
27.07.2020 11:00:04,996	0	1,530222	0	
27.07.2020 11:00:05,251	0	1,530222	0	
27.07.2020 11:00:05,514	0	1,530222	0	
27.07.2020 11:00:05,767	0	1,530222	0	
27.07.2020 11:00:06,36	0	1,530222	0	
27.07.2020 11:00:06,302	0	1,530222	0	
27.07.2020 11:00:06,567	0	1,530751	0	
27.07.2020 11:00:06,839	0,5854235	1,540373	0	
27.07.2020 11:00:07,110	1,13563	1,551223	0	
27.07.2020 11:00:07,379	1,043304	1,557917	0	
27.07.2020 11:00:07,633	0,0986969	1,558957	0	
27.07.2020 11:00:07,888	0	1,558957	0	
27.07.2020 11:00:08,145	0	1,558957	0	
27.07.2020 11:00:08,410	0	1,558957	0	
27.07.2020 11:00:08,667	0	1,558957	0	
27.07.2020 11:00:08,927	0	1,558957	0	
27.07.2020 11:00:09,181	0	1,558957	0	
27.07.2020 11:00:09,437	0	1,558957	0	
27.07.2020 11:00:09,707	0	1,558957	0	
27.07.2020 11:00:09,966	0	1,558957	0	
27.07.2020 11:00:10,230	0	1,558957	0	
27.07.2020 11:00:10,491	0	1,558957	0	
27.07.2020 11:00:10,760	0	1,558957	0	
27.07.2020 11:00:11,11	0	1,558957	0	
27.07.2020 11:00:11,271	0	1,558957	0	
27.07.2020 11:00:11,543	0	1,558957	0	
27.07.2020 11:00:11,802	0	1,558957	0	
27.07.2020 11:00:12,60	0	1,558957	0	
27.07.2020 11:00:12,323	0	1,558957	0	
27.07.2020 11:00:12,579	0	1,558957	0	
27.07.2020 11:00:12,834	0	1,558957	0	
27.07.2020 11:00:13,99	0	1,558957	0	
27.07.2020 11:00:13,350	0	1,558957	0	
27.07.2020 11:00:13,602	0	1,558957	0	
27.07.2020 11:00:13,862	0	1,558957	0	
27.07.2020 11:00:14,134	0	1,558957	0	
27.07.2020 11:00:14,407	0	1,558957	0	
27.07.2020 11:00:14,667	0	1,558957	0	
27.07.2020 11:00:14,929	0	1,558957	0	
27.07.2020 11:00:15,201	0	1,558957	0	
27.07.2020 11:00:15,459	0	1,558957	0	
27.07.2020 11:00:15,712	0	1,558957	0	
27.07.2020 11:00:15,968	0	1,558957	0	
27.07.2020 11:00:16,224	0	1,558957	0	
27.07.2020 11:00:16,479	0	1,558957	0	
27.07.2020 11:00:16,751	0	1,558957	0	
27.07.2020 11:00:17,10	0,3832341	1,566324	0	
27.07.2020 11:00:17,273	1,008243	1,576102	0	
27.07.2020 11:00:17,524	1,437904	1,584649	0	
27.07.2020 11:00:17,782	0,4832908	1,588164	0	
27.07.2020 11:00:18,38	0	1,588494	0	
27.07.2020 11:00:18,304	0	1,588494	0	
27.07.2020 11:00:18,571	0	1,588494	0	
27.07.2020 11:00:18,842	0	1,588494	0	
27.07.2020 11:00:19,95	0	1,588494	0	
27.07.2020 11:00:19,357	0	1,588494	0	
27.07.2020 11:00:19,628	0	1,588494	0	
27.07.2020 11:00:19,883	0	1,588494	0	
27.07.2020 11:00:20,152	0	1,588494	0	
27.07.2020 11:00:20,412	0	1,588494	0	
27.07.2020 11:00:20,663	0	1,588494	0	
27.07.2020 11:00:20,914	0	1,588494	0	
27.07.2020 11:00:21,175	0	1,588494	0	
27.07.2020 11:00:21,441	0	1,588494	0	
27.07.2020 11:00:21,692	0	1,588494	0	
27.07.2020 11:00:21,962	0	1,588494	0	
27.07.2020 11:00:22,233	0	1,588494	0	
27.07.2020 11:00:22,491	0	1,588494	0	
27.07.2020 11:00:22,761	0	1,588494	0	
27.07.2020 11:00:23,28	0	1,588494	0	
27.07.2020 11:00:23,285	0	1,588494	0	
27.07.2020 11:00:23,544	0	1,588494	0	
27.07.2020 11:00:23,808	0	1,588494	0	
27.07.2020 11:00:24,67	0	1,588494	0	
27.07.2020 11:00:24,321	0,1101163	1,590048	0	
27.07.2020 11:00:24,589	0,1884734	1,591205	0	
27.07.2020 11:00:24,858	0,1948733	1,59209	0	
27.07.2020 11:00:25,123	0,126469	1,592615	0	
27.07.2020 11:00:25,387	0,09620464	1,593047	0	
27.07.2020 11:00:25,657	0,0864033	1,593384	0	
27.07.2020 11:00:25,915	0,07912835	1,593685	0	
27.07.2020 11:00:26,174	0,1080142	1,594169	0	
27.07.2020 11:00:26,425	0,1959845	1,594944	0	
27.07.2020 11:00:26,695	0,2089745	1,595964	0	
27.07.2020 11:00:26,951	0,234776	1,597165	0	
27.07.2020 11:00:27,206	0,9766394	1,602365	0	
27.07.2020 11:00:27,457	1,618793	1,610128	0	
27.07.2020 11:00:27,723	1,619201	1,618118	0	
27.07.2020 11:00:27,974	1,619471	1,625411	0	
27.07.2020 11:00:28,245	1,421601	1,629874	0	
27.07.2020 11:00:28,505	0,9181151	1,63127	0	
27.07.2020 11:00:28,768	0	1,63138	0	
27.07.2020 11:00:29,29	0	1,63138	0	
27.07.2020 11:00:29,295	0	1,63138	0	
27.07.2020 11:00:29,555	0	1,63138	0	
27.07.2020 11:00:29,814	0	1,63138	0	
27.07.2020 11:00:30,65	0	1,63138	0	
27.07.2020 11:00:30,322	0	1,63138	0	
27.07.2020 11:00:30,576	0	1,63138	0	
27.07.2020 11:00:30,833	0,03479099	1,632433	0	
27.07.2020 11:00:31,103	0,2327678	1,634548	0	
27.07.2020 11:00:31,362	0,3252819	1,63619	0	
27.07.2020 11:00:31,621	0,3290962	1,637444	0	
27.07.2020 11:00:31,872	0,3041734	1,638557	0	
27.07.2020 11:00:32,135	0,256018	1,639529	0	
27.07.2020 11:00:32,387	0,2086595	1,64043	0	
27.07.2020 11:00:32,659	0,2066938	1,641332	0	
27.07.2020 11:00:32,910	0,2098207	1,642275	0	
27.07.2020 11:00:33,169	0,214869	1,643254	0	
27.07.2020 11:00:33,438	0,2256004	1,644286	0	
27.07.2020 11:00:33,703	0,2367665	1,645423	0	
27.07.2020 11:00:33,959	0,2392555	1,646483	0	
27.07.2020 11:00:34,227	0,2415783	1,647548	0	
27.07.2020 11:00:34,488	0,2425516	1,648602	0	
27.07.2020 11:00:34,750	0,242753	1,649658	0	
27.07.2020 11:00:35,3	0,2457069	1,650777	0	
27.07.2020 11:00:35,266	0,2694325	1,652151	0	
27.07.2020 11:00:35,531	0,3317147	1,653825	0	
27.07.2020 11:00:35,790	0,4409941	1,655725	0	
27.07.2020 11:00:36,58	0,4584164	1,657756	0	
27.07.2020 11:00:36,327	0,4646451	1,659979	0	
27.07.2020 11:00:36,580	0,4662675	1,662009	0	
27.07.2020 11:00:36,852	0,4648034	1,664003	0	
27.07.2020 11:00:37,106	0,4595762	1,665939	0	
27.07.2020 11:00:37,357	0,4779494	1,668354	0	
27.07.2020 11:00:37,630	0,9083731	1,676383	0	
27.07.2020 11:00:37,888	1,32584	1,684425	0	
27.07.2020 11:00:38,140	1,590115	1,692711	0	
27.07.2020 11:00:38,411	1,603666	1,701055	0	
27.07.2020 11:00:38,680	1,442766	1,705705	0	
27.07.2020 11:00:38,934	0,9761444	1,707571	0	
27.07.2020 11:00:39,204	0,362553	1,708144	0	
27.07.2020 11:00:39,468	0,02849114	1,708297	0	
27.07.2020 11:00:39,730	0,03235992	1,708519	0	
27.07.2020 11:00:40,4	0,1022021	1,709419	0	
27.07.2020 11:00:40,275	0,2865394	1,710874	0	
27.07.2020 11:00:40,534	0,4187554	1,712661	0	
27.07.2020 11:00:40,797	0,4296604	1,714616	0	
27.07.2020 11:00:41,64	0,4418462	1,716748	0	
27.07.2020 11:00:41,322	0,444791	1,71869	0	
27.07.2020 11:00:41,573	0,4428962	1,72058	0	
27.07.2020 11:00:41,842	0,4376352	1,722283	0	
27.07.2020 11:00:42,109	0,4329244	1,724263	0	
27.07.2020 11:00:42,380	0,4298066	1,726245	0	
27.07.2020 11:00:42,649	0,4291779	1,728105	0	
27.07.2020 11:00:42,907	0,4311238	1,729991	0	
27.07.2020 11:00:43,161	0,4327248	1,731879	0	
27.07.2020 11:00:43,431	0,4354669	1,733796	0	
27.07.2020 11:00:43,695	0,4382935	1,735718	0	
27.07.2020 11:00:43,967	0,439816	1,737787	0	
27.07.2020 11:00:44,224	0,4417911	1,739715	0	
27.07.2020 11:00:44,477	0,4420792	1,741484	0	
27.07.2020 11:00:44,738	0,4426623	1,743558	0	
27.07.2020 11:00:44,997	0,4436828	1,745341	0	
27.07.2020 11:00:45,271	0,4445343	1,747428	0	
27.07.2020 11:00:45,534	0,4463468	1,749525	0	
27.07.2020 11:00:45,793	0,447283	1,751321	0	
27.07.2020 11:00:46,52	0,4480465	1,753269	0	
27.07.2020 11:00:46,311	0,4487778	1,755219	0	
27.07.2020 11:00:46,563	0,4488112	1,757166	0	
27.07.2020 11:00:46,824	0,4495047	1,75897	0	
27.07.2020 11:00:47,86	0,4498505	1,761073	0	
27.07.2020 11:00:47,337	0,4504436	1,763031	0	
27.07.2020 11:00:47,595	0,454582	1,765232	0	
27.07.2020 11:00:47,849	0,7646198	1,771403	0	
27.07.2020 11:00:48,101	1,219527	1,778661	0	
27.07.2020 11:00:48,355	1,559017	1,786766	0	
27.07.2020 11:00:48,619	1,601229	1,795737	0	
27.07.2020 11:00:48,871	1,607176	1,803609	0	
27.07.2020 11:00:49,141	1,499619	1,809017	0	
27.07.2020 11:00:49,409	1,105622	1,81175	0	
27.07.2020 11:00:49,677	0,5352909	1,813092	0	
27.07.2020 11:00:49,934	0,26029	1,8142	0	
27.07.2020 11:00:50,195	0,2817688	1,815754	0	
27.07.2020 11:00:50,458	0,3542088	1,817552	0	
27.07.2020 11:00:50,711	0,4819526	1,819948	0	
27.07.2020 11:00:50,966	0,6305363	1,82265	0	
27.07.2020 11:00:51,228	0,6381438	1,825503	0	
27.07.2020 11:00:51,495	0,6494752	1,82841	0	
27.07.2020 11:00:51,748	0,6551092	1,831294	0	
27.07.2020 11:00:52,4	0,656297	1,834141	0	
27.07.2020 11:00:52,268	0,6546273	1,836954	0	
27.07.2020 11:00:52,532	0,6510606	1,839743	0	
27.07.2020 11:00:52,801	0,6490883	1,842763	0	
27.07.2020 11:00:53,59	0,6493168	1,845583	0	
27.07.2020 11:00:53,329	0,6515405	1,848429	0	
27.07.2020 11:00:53,583	0,6550979	1,851297	0	
27.07.2020 11:00:53,836	0,6577581	1,854171	0	
27.07.2020 11:00:54,87	0,6607161	1,856845	0	
27.07.2020 11:00:54,356	0,6633834	1,859741	0	
27.07.2020 11:00:54,626	0,6646796	1,862856	0	
27.07.2020 11:00:54,879	0,6667838	1,865763	0	
27.07.2020 11:00:55,132	0,6681278	1,868449	0	
27.07.2020 11:00:55,398	0,6700458	1,871368	0	
27.07.2020 11:00:55,666	0,6711192	1,874509	0	
27.07.2020 11:00:55,927	0,6715615	1,877428	0	
27.07.2020 11:00:56,195	0,6734325	1,88036	0	
27.07.2020 11:00:56,456	0,6747211	1,883521	0	
27.07.2020 11:00:56,727	0,6762064	1,886466	0	
27.07.2020 11:00:56,987	0,6779201	1,889418	0	
27.07.2020 11:00:57,244	0,6782546	1,892362	0	
27.07.2020 11:00:57,506	0,6790013	1,895311	0	
27.07.2020 11:00:57,775	0,6792319	1,898255	0	
27.07.2020 11:00:58,44	0,786232	1,903577	0	
27.07.2020 11:00:58,305	1,162642	1,910679	0	
27.07.2020 11:00:58,569	1,471756	1,919231	0	
27.07.2020 11:00:58,834	1,599691	1,928061	0	
27.07.2020 11:00:59,92	1,606125	1,935839	0	
27.07.2020 11:00:59,351	1,610817	1,944267	0	
27.07.2020 11:00:59,622	1,450625	1,949203	0	
27.07.2020 11:00:59,895	0,9878129	1,951396	0	
27.07.2020 11:01:00,165	0,5029379	1,953054	0	
27.07.2020 11:01:00,419	0,4917478	1,955012	0	
27.07.2020 11:01:00,692	0,5858439	1,957826	0	
27.07.2020 11:01:00,953	0,6918005	1,96144	0	
27.07.2020 11:01:01,209	0,8466264	1,965587	0	
27.07.2020 11:01:01,466	1,027817	1,970027	0	
27.07.2020 11:01:01,737	1,0341	1,974537	0	
27.07.2020 11:01:02,8	1,033466	1,979342	0	
27.07.2020 11:01:02,277	1,025926	1,983714	0	
27.07.2020 11:01:02,545	1,014433	1,988331	0	
27.07.2020 11:01:02,807	1,002874	1,992577	0	
27.07.2020 11:01:03,79	0,9939144	1,996814	0	
27.07.2020 11:01:03,346	0,9896179	2,001397	0	
27.07.2020 11:01:03,603	0,9893253	2,005686	0	
27.07.2020 11:01:03,868	0,9909972	2,01	0	
27.07.2020 11:01:04,121	0,9940557	2,01434	0	
27.07.2020 11:01:04,378	0,9972624	2,01869	0	
27.07.2020 11:01:04,640	0,9995583	2,022705	0	
27.07.2020 11:01:04,904	1,001409	2,027393	0	
27.07.2020 11:01:05,164	1,002183	2,031739	0	
27.07.2020 11:01:05,416	1,003034	2,036098	0	
27.07.2020 11:01:05,689	1,004172	2,04046	0	
27.07.2020 11:01:05,941	1,005007	2,044826	0	
27.07.2020 11:01:06,195	1,007099	2,049207	0	
27.07.2020 11:01:06,455	1,007921	2,053244	0	
27.07.2020 11:01:06,726	1,008709	2,057959	0	
27.07.2020 11:01:06,983	1,009232	2,062336	0	
27.07.2020 11:01:07,237	1,009411	2,066715	0	
27.07.2020 11:01:07,496	1,010359	2,070767	0	
27.07.2020 11:01:07,750	1,01089	2,07515	0	
27.07.2020 11:01:08,22	1,011774	2,07988	0	
27.07.2020 11:01:08,289	1,040855	2,085207	0	
27.07.2020 11:01:08,547	1,276544	2,092843	0	
27.07.2020 11:01:08,801	1,478028	2,100801	0	
27.07.2020 11:01:09,72	1,585604	2,10901	0	
27.07.2020 11:01:09,342	1,597947	2,118121	0	
27.07.2020 11:01:09,594	1,605404	2,126177	0	
27.07.2020 11:01:09,861	1,61034	2,135149	0	
27.07.2020 11:01:10,134	1,613806	2,145075	0	
27.07.2020 11:01:10,393	1,511441	2,150991	0	
27.07.2020 11:01:10,645	1,195391	2,153743	0	
27.07.2020 11:01:10,896	0,7925016	2,155911	0	
27.07.2020 11:01:11,148	0,5839148	2,15837	0	
27.07.2020 11:01:11,416	0,6263896	2,161625	0	
27.07.2020 11:01:11,681	0,7203048	2,164975	0	
27.07.2020 11:01:11,932	0,865859	2,169043	0	
27.07.2020 11:01:12,189	1,002774	2,173387	0	
27.07.2020 11:01:12,458	1,010719	2,178178	0	
27.07.2020 11:01:12,713	1,016857	2,18229	0	
27.07.2020 11:01:12,963	1,018111	2,186367	0	
27.07.2020 11:01:13,231	1,014397	2,191061	0	
27.07.2020 11:01:13,493	1,009314	2,195725	0	
27.07.2020 11:01:13,757	1,004564	2,199703	0	
27.07.2020 11:01:14,9	1,002073	2,204025	0	
27.07.2020 11:01:14,261	1,001918	2,208367	0	
27.07.2020 11:01:14,515	1,002688	2,212719	0	
27.07.2020 11:01:14,777	1,004678	2,216759	0	
27.07.2020 11:01:15,29	1,007045	2,221149	0	
27.07.2020 11:01:15,285	1,009306	2,225543	0	
27.07.2020 11:01:15,540	1,011765	2,229947	0	
27.07.2020 11:01:15,798	1,012826	2,234007	0	
27.07.2020 11:01:16,69	1,013819	2,238749	0	
27.07.2020 11:01:16,331	1,014516	2,24315	0	
27.07.2020 11:01:16,603	1,014879	2,247552	0	
27.07.2020 11:01:16,862	1,01609	2,252306	0	
27.07.2020 11:01:17,126	1,016658	2,256715	0	
27.07.2020 11:01:17,393	1,017139	2,261127	0	
27.07.2020 11:01:17,663	1,017751	2,265882	0	
27.07.2020 11:01:17,915	1,016524	2,270257	0	
27.07.2020 11:01:18,173	0,9999566	2,274385	0	
27.07.2020 11:01:18,427	0,9577357	2,277891	0	
27.07.2020 11:01:18,683	1,12956	2,283932	0	
27.07.2020 11:01:18,952	1,533314	2,292294	0	
27.07.2020 11:01:19,209	1,600098	2,299685	0	
27.07.2020 11:01:19,476	1,60724	2,307923	0	
27.07.2020 11:01:19,735	1,611555	2,317065	0	
27.07.2020 11:01:20,7	1,614411	2,325785	0	
27.07.2020 11:01:20,276	1,597436	2,333137	0	
27.07.2020 11:01:20,537	1,297503	2,336719	0	
27.07.2020 11:01:20,800	0,8330934	2,338432	0	
27.07.2020 11:01:21,73	0,3543198	2,339991	0	
27.07.2020 11:01:21,324	0,36765	2,341731	0	
27.07.2020 11:01:21,578	0,4289878	2,344045	0	
27.07.2020 11:01:21,850	0,5624903	2,346905	0	
27.07.2020 11:01:22,115	0,7620777	2,350407	0	
27.07.2020 11:01:22,368	0,7733167	2,353585	0	
27.07.2020 11:01:22,628	0,7845764	2,357089	0	
27.07.2020 11:01:22,895	0,7936987	2,360591	0	
27.07.2020 11:01:23,153	0,7953182	2,364309	0	
27.07.2020 11:01:23,418	0,793361	2,367464	0	
27.07.2020 11:01:23,682	0,7902938	2,371123	0	
27.07.2020 11:01:23,955	0,787784	2,374783	0	
27.07.2020 11:01:24,216	0,7881774	2,377938	0	
27.07.2020 11:01:24,471	0,7892084	2,381371	0	
27.07.2020 11:01:24,742	0,7919438	2,385095	0	
27.07.2020 11:01:24,996	0,7952265	2,388303	0	
27.07.2020 11:01:25,264	0,7974951	2,39205	0	
27.07.2020 11:01:25,538	0,8003377	2,395806	0	
27.07.2020 11:01:25,798	0,8016814	2,399025	0	
27.07.2020 11:01:26,67	0,8030469	2,402786	0	
27.07.2020 11:01:26,331	0,8042544	2,40628	0	
27.07.2020 11:01:26,589	0,8048346	2,409777	0	
27.07.2020 11:01:26,861	0,8063018	2,413553	0	
27.07.2020 11:01:27,121	0,8069143	2,417053	0	
27.07.2020 11:01:27,386	0,8075301	2,420557	0	
27.07.2020 11:01:27,658	0,8082541	2,424334	0	
27.07.2020 11:01:27,910	0,8077034	2,427563	0	
27.07.2020 11:01:28,169	0,8080471	2,431071	0	
27.07.2020 11:01:28,438	0,8086889	2,434847	0	
27.07.2020 11:01:28,689	0,8089774	2,438086	0	
27.07.2020 11:01:28,958	0,9217677	2,443442	0	
27.07.2020 11:01:29,210	1,213051	2,451238	0	
27.07.2020 11:01:29,474	1,495855	2,459946	0	
27.07.2020 11:01:29,735	1,598741	2,467621	0	
27.07.2020 11:01:30,27	1,606369	2,477493	0	
27.07.2020 11:01:30,278	1,610979	2,486321	0	
27.07.2020 11:01:30,541	1,589341	2,492874	0	
27.07.2020 11:01:30,793	1,277388	2,496184	0	
27.07.2020 11:01:31,66	0,7973	2,498144	0	
27.07.2020 11:01:31,333	0,3503988	2,499592	0	
27.07.2020 11:01:31,597	0,3747005	2,501374	0	
27.07.2020 11:01:31,870	0,4467287	2,504127	0	
27.07.2020 11:01:32,129	0,5604739	2,506595	0	
27.07.2020 11:01:32,382	0,5978338	2,509177	0	
27.07.2020 11:01:32,649	0,5830048	2,511541	0	
27.07.2020 11:01:32,920	0,5446814	2,513705	0	
27.07.2020 11:01:33,182	0,4925618	2,515893	0	
27.07.2020 11:01:33,436	0,4693941	2,517909	0	
27.07.2020 11:01:33,702	0,46984	2,519799	0	
27.07.2020 11:01:33,973	0,4752604	2,52207	0	
27.07.2020 11:01:34,225	0,4834472	2,524249	0	
27.07.2020 11:01:34,496	0,4932133	2,526467	0	
27.07.2020 11:01:34,759	0,5020552	2,528721	0	
27.07.2020 11:01:35,28	0,5092221	2,531164	0	
27.07.2020 11:01:35,290	0,5140197	2,533437	0	
27.07.2020 11:01:35,547	0,518591	2,535723	0	
27.07.2020 11:01:35,818	0,5216954	2,538181	0	
27.07.2020 11:01:36,79	0,5245004	2,540304	0	
27.07.2020 11:01:36,348	0,5267779	2,542783	0	
27.07.2020 11:01:36,607	0,5281073	2,545088	0	
27.07.2020 11:01:36,874	0,5307374	2,547409	0	
27.07.2020 11:01:37,128	0,5317727	2,549721	0	
27.07.2020 11:01:37,387	0,5326971	2,552038	0	
27.07.2020 11:01:37,652	0,5342797	2,554366	0	
27.07.2020 11:01:37,903	0,5347926	2,556511	0	
27.07.2020 11:01:38,157	0,5361726	2,558849	0	
27.07.2020 11:01:38,417	0,5371786	2,561363	0	
27.07.2020 11:01:38,673	0,537102	2,56369	0	
27.07.2020 11:01:38,926	0,5371004	2,565833	0	
27.07.2020 11:01:39,198	0,5726692	2,569007	0	
27.07.2020 11:01:39,450	0,9702301	2,576485	0	
27.07.2020 11:01:39,716	1,386341	2,584363	0	
27.07.2020 11:01:39,976	1,597739	2,592442	0	
27.07.2020 11:01:40,229	1,604792	2,600768	0	
27.07.2020 11:01:40,499	1,586269	2,608165	0	
27.07.2020 11:01:40,753	1,269849	2,61104	0	
27.07.2020 11:01:41,8	0,781863	2,612393	0	
27.07.2020 11:01:41,272	0,1789698	2,612979	0	
27.07.2020 11:01:41,523	0,1192512	2,613529	0	
27.07.2020 11:01:41,784	0,1534912	2,614517	0	
27.07.2020 11:01:42,41	0,2600695	2,61609	0	
27.07.2020 11:01:42,312	0,4678254	2,618259	0	
27.07.2020 11:01:42,575	0,5054791	2,620337	0	
27.07.2020 11:01:42,839	0,5187993	2,622871	0	
27.07.2020 11:01:43,100	0,5280271	2,625207	0	
27.07.2020 11:01:43,355	0,528768	2,627494	0	
27.07.2020 11:01:43,612	0,5259374	2,629564	0	
27.07.2020 11:01:43,868	0,5213616	2,631779	0	
27.07.2020 11:01:44,123	0,5179368	2,633999	0	
27.07.2020 11:01:44,393	0,5161637	2,636225	0	
27.07.2020 11:01:44,653	0,5163684	2,638466	0	
27.07.2020 11:01:44,922	0,5180466	2,640899	0	
27.07.2020 11:01:45,177	0,519626	2,643165	0	
27.07.2020 11:01:45,441	0,5214708	2,645267	0	
27.07.2020 11:01:45,707	0,5228244	2,647719	0	
27.07.2020 11:01:45,981	0,5240276	2,650002	0	
27.07.2020 11:01:46,246	0,5259223	2,652472	0	
27.07.2020 11:01:46,511	0,5274253	2,654769	0	
27.07.2020 11:01:46,763	0,528739	2,657075	0	
27.07.2020 11:01:47,25	0,5294917	2,659375	0	
27.07.2020 11:01:47,277	0,5292878	2,661492	0	
27.07.2020 11:01:47,528	0,5297154	2,663794	0	
27.07.2020 11:01:47,798	0,5296739	2,666085	0	
27.07.2020 11:01:48,69	0,5295657	2,66873	0	
27.07.2020 11:01:48,344	0,5295034	2,671025	0	
27.07.2020 11:01:48,603	0,5290233	2,673138	0	
27.07.2020 11:01:48,865	0,5300378	2,675623	0	
27.07.2020 11:01:49,131	0,5298432	2,678088	0	
27.07.2020 11:01:49,398	0,5304115	2,680264	0	
27.07.2020 11:01:49,655	0,8144178	2,686373	0	
27.07.2020 11:01:49,922	1,231489	2,69476	0	
27.07.2020 11:01:50,190	1,55133	2,70279	0	
27.07.2020 11:01:50,462	1,603091	2,711679	0	
27.07.2020 11:01:50,725	1,587752	2,718474	0	
27.07.2020 11:01:50,978	1,258648	2,721195	0	
27.07.2020 11:01:51,228	0,7338924	2,722185	0	
27.07.2020 11:01:51,482	0	2,722272	0	
27.07.2020 11:01:51,748	0	2,722272	0	
27.07.2020 11:01:52,18	0	2,722272	0	
27.07.2020 11:01:52,269	0	2,722272	0	
27.07.2020 11:01:52,537	0,007945717	2,722972	0	
27.07.2020 11:01:52,809	0,2426674	2,725604	0	
27.07.2020 11:01:53,65	0,4182176	2,72803	0	
27.07.2020 11:01:53,323	0,4886926	2,730204	0	
27.07.2020 11:01:53,594	0,4707622	2,732083	0	
27.07.2020 11:01:53,856	0,4307557	2,733749	0	
27.07.2020 11:01:54,149	0,3740403	2,735538	0	
27.07.2020 11:01:54,417	0,3591461	2,737209	0	
27.07.2020 11:01:54,672	0,3610455	2,738801	0	
27.07.2020 11:01:54,926	0,3658075	2,740319	0	
27.07.2020 11:01:55,193	0,3753679	2,742015	0	
27.07.2020 11:01:55,444	0,3823129	2,743732	0	
27.07.2020 11:01:55,712	0,3885986	2,745472	0	
27.07.2020 11:01:55,964	0,3937364	2,747087	0	
27.07.2020 11:01:56,233	0,3964378	2,748962	0	
27.07.2020 11:01:56,489	0,39836	2,750707	0	
27.07.2020 11:01:56,754	0,3995791	2,752446	0	
27.07.2020 11:01:57,24	0,401083	2,754333	0	
27.07.2020 11:01:57,280	0,403065	2,756096	0	
27.07.2020 11:01:57,532	0,4038262	2,757717	0	
27.07.2020 11:01:57,784	0,4045363	2,759343	0	
27.07.2020 11:01:58,44	0,4052964	2,761242	0	
27.07.2020 11:01:58,304	0,4056626	2,763003	0	
27.07.2020 11:01:58,561	0,4066214	2,764771	0	
27.07.2020 11:01:58,835	0,4064118	2,766528	0	
27.07.2020 11:01:59,103	0,4063165	2,768424	0	
27.07.2020 11:01:59,366	0,4060362	2,770182	0	
27.07.2020 11:01:59,627	0,4061347	2,771948	0	
27.07.2020 11:01:59,882	0,5483417	2,776407	0	
27.07.2020 11:02:00,177	1,127776	2,784863	0	
27.07.2020 11:02:00,445	1,519017	2,793645	0	
27.07.2020 11:02:00,707	1,600854	2,802064	0	
27.07.2020 11:02:00,968	1,569555	2,808519	0	
27.07.2020 11:02:01,239	1,175989	2,811266	0	
27.07.2020 11:02:01,495	0,5804587	2,811959	0	
27.07.2020 11:02:01,755	0	2,812041	0	
27.07.2020 11:02:02,7	0	2,812041	0	
27.07.2020 11:02:02,260	0	2,812041	0	
27.07.2020 11:02:02,517	0	2,812041	0	
27.07.2020 11:02:02,791	0,08721935	2,813625	0	
27.07.2020 11:02:03,55	0,3140441	2,816287	0	
27.07.2020 11:02:03,319	0,4614279	2,818441	0	
27.07.2020 11:02:03,590	0,4814149	2,820643	0	
27.07.2020 11:02:03,855	0,4524427	2,822531	0	
27.07.2020 11:02:04,110	0,4102267	2,824005	0	
27.07.2020 11:02:04,361	0,3604572	2,825416	0	
27.07.2020 11:02:04,623	0,3568703	2,827074	0	
27.07.2020 11:02:04,883	0,3595023	2,828654	0	
27.07.2020 11:02:05,150	0,356433	2,83015	0	
27.07.2020 11:02:05,420	0,3369074	2,831572	0	
27.07.2020 11:02:05,671	0,2994578	2,832628	0	
27.07.2020 11:02:05,936	0,2392661	2,83367	0	
27.07.2020 11:02:06,213	0,234761	2,834757	0	
27.07.2020 11:02:06,465	0,2342412	2,835773	0	
27.07.2020 11:02:06,730	0,2368704	2,836829	0	
27.07.2020 11:02:06,987	0,240786	2,837911	0	
27.07.2020 11:02:07,244	0,2460905	2,839029	0	
27.07.2020 11:02:07,499	0,2530853	2,840169	0	
27.07.2020 11:02:07,769	0,2572012	2,841315	0	
27.07.2020 11:02:08,25	0,2601123	2,842469	0	
27.07.2020 11:02:08,299	0,2618212	2,843706	0	
27.07.2020 11:02:08,557	0,2626476	2,844763	0	
27.07.2020 11:02:08,820	0,2643701	2,84601	0	
27.07.2020 11:02:09,77	0,2652092	2,847165	0	
27.07.2020 11:02:09,334	0,2664382	2,848335	0	
27.07.2020 11:02:09,589	0,2673028	2,849411	0	
27.07.2020 11:02:09,858	0,267632	2,850663	0	
27.07.2020 11:02:10,123	0,310179	2,853151	0	
27.07.2020 11:02:10,394	0,876469	2,860626	0	
27.07.2020 11:02:10,664	1,360772	2,869152	0	
27.07.2020 11:02:10,925	1,595303	2,877329	0	
27.07.2020 11:02:11,191	1,555103	2,883475	0	
27.07.2020 11:02:11,457	1,15117	2,886031	0	
27.07.2020 11:02:11,717	0,5343209	2,886471	0	
27.07.2020 11:02:11,976	0	2,886471	0	
27.07.2020 11:02:12,243	0	2,886471	0	
27.07.2020 11:02:12,505	0	2,886471	0	
27.07.2020 11:02:12,764	0	2,886471	0	
27.07.2020 11:02:13,29	0	2,886471	0	
27.07.2020 11:02:13,282	0	2,886471	0	
27.07.2020 11:02:13,534	0	2,886471	0	
27.07.2020 11:02:13,788	0,1004091	2,888087	0	
27.07.2020 11:02:14,51	0,2611243	2,890028	0	
27.07.2020 11:02:14,320	0,3143357	2,891566	0	
27.07.2020 11:02:14,591	0,1878935	2,89243	0	
27.07.2020 11:02:14,847	0,1181812	2,892909	0	
27.07.2020 11:02:15,109	0,09695013	2,893165	0	
27.07.2020 11:02:15,378	0,06106195	2,893327	0	
27.07.2020 11:02:15,630	0,04184586	2,893495	0	
27.07.2020 11:02:15,902	0,06736238	2,893774	0	
27.07.2020 11:02:16,163	0,07671645	2,894153	0	
27.07.2020 11:02:16,429	0,09558724	2,894704	0	
27.07.2020 11:02:16,700	0,1195701	2,895294	0	
27.07.2020 11:02:16,963	0,1268909	2,895847	0	
27.07.2020 11:02:17,217	0,1254505	2,896332	0	
27.07.2020 11:02:17,481	0,1226443	2,896878	0	
27.07.2020 11:02:17,749	0,1195751	2,897374	0	
27.07.2020 11:02:18,11	0,1169513	2,897864	0	
27.07.2020 11:02:18,270	0,1164616	2,898367	0	
27.07.2020 11:02:18,540	0,1165823	2,898871	0	
27.07.2020 11:02:18,791	0,117248	2,899388	0	
27.07.2020 11:02:19,54	0,1183244	2,89991	0	
27.07.2020 11:02:19,316	0,1188339	2,90043	0	
27.07.2020 11:02:19,571	0,1195448	2,900956	0	
27.07.2020 11:02:19,832	0,1200396	2,901478	0	
27.07.2020 11:02:20,86	0,1197763	2,901995	0	
27.07.2020 11:02:20,358	0,1247149	2,902718	0	
27.07.2020 11:02:20,628	0,5863987	2,909307	0	
27.07.2020 11:02:20,884	1,192748	2,917155	0	
27.07.2020 11:02:21,152	1,614701	2,925211	0	
27.07.2020 11:02:21,410	1,546196	2,9309	0	
27.07.2020 11:02:21,670	1,136857	2,933046	0	
27.07.2020 11:02:21,942	0	2,933303	0	
27.07.2020 11:02:22,213	0	2,933303	0	
27.07.2020 11:02:22,483	0	2,933303	0	
27.07.2020 11:02:22,749	0	2,933303	0	
27.07.2020 11:02:23,12	0	2,933303	0	
27.07.2020 11:02:23,281	0	2,933303	0	
27.07.2020 11:02:23,548	0	2,933303	0	
27.07.2020 11:02:23,817	0	2,933303	0	
27.07.2020 11:02:24,84	0	2,933303	0	
27.07.2020 11:02:24,350	0	2,933303	0	
27.07.2020 11:02:24,616	0	2,933303	0	
27.07.2020 11:02:24,874	0	2,933303	0	
27.07.2020 11:02:25,127	0	2,933303	0	
27.07.2020 11:02:25,387	0	2,933303	0	
27.07.2020 11:02:25,657	0	2,933303	0	
27.07.2020 11:02:25,910	0	2,933303	0	
27.07.2020 11:02:26,168	0	2,933303	0	
27.07.2020 11:02:26,420	0	2,933303	0	
27.07.2020 11:02:26,681	0	2,933303	0	
27.07.2020 11:02:26,948	0	2,933303	0	
27.07.2020 11:02:27,209	0	2,933303	0	
27.07.2020 11:02:27,481	0	2,933303	0	
27.07.2020 11:02:27,750	0	2,933303	0	
27.07.2020 11:02:28,21	0,06087502	2,934298	0	
27.07.2020 11:02:28,277	0,1304509	2,935099	0	
27.07.2020 11:02:28,548	0,1277217	2,935653	0	
27.07.2020 11:02:28,815	0,06001532	2,935937	0	
27.07.2020 11:02:29,81	0	2,936011	0	
27.07.2020 11:02:29,348	0	2,936011	0	
27.07.2020 11:02:29,601	0	2,936011	0	
27.07.2020 11:02:29,868	0	2,936011	0	
27.07.2020 11:02:30,138	0	2,936011	0	
27.07.2020 11:02:30,408	0	2,936011	0	
27.07.2020 11:02:30,668	0	2,936011	0	
27.07.2020 11:02:30,934	0,3949267	2,942462	0	
27.07.2020 11:02:31,194	0,9761534	2,952516	0	
27.07.2020 11:02:31,455	1,439625	2,960822	0	
27.07.2020 11:02:31,711	0,5970523	2,964488	0	
27.07.2020 11:02:31,964	0,03774653	2,9651	0	
27.07.2020 11:02:32,236	0	2,9651	0	
27.07.2020 11:02:32,493	0	2,9651	0	
27.07.2020 11:02:32,743	0	2,9651	0	
27.07.2020 11:02:32,999	0	2,9651	0	
27.07.2020 11:02:33,271	0	2,9651	0	
27.07.2020 11:02:33,539	0	2,9651	0	
27.07.2020 11:02:33,811	0	2,9651	0	
27.07.2020 11:02:34,64	0	2,9651	0	
27.07.2020 11:02:34,337	0	2,9651	0	
27.07.2020 11:02:34,597	0	2,9651	0	
27.07.2020 11:02:34,854	0	2,9651	0	
27.07.2020 11:02:35,108	0	2,9651	0	
27.07.2020 11:02:35,372	0	2,9651	0	
27.07.2020 11:02:35,645	0	2,9651	0	
27.07.2020 11:02:35,904	0	2,9651	0	
27.07.2020 11:02:36,166	0	2,9651	0	
27.07.2020 11:02:36,434	0	2,9651	0	
27.07.2020 11:02:36,688	0	2,9651	0	
27.07.2020 11:02:36,957	0	2,9651	0	
27.07.2020 11:02:37,211	0	2,9651	0	
27.07.2020 11:02:37,477	0	2,9651	0	
27.07.2020 11:02:37,743	0	2,9651	0	
27.07.2020 11:02:38,15	0	2,9651	0	
27.07.2020 11:02:38,285	0	2,9651	0	
27.07.2020 11:02:38,548	0	2,9651	0	
27.07.2020 11:02:38,816	0	2,9651	0	
27.07.2020 11:02:39,87	0	2,9651	0	
27.07.2020 11:02:39,339	0	2,9651	0	
27.07.2020 11:02:39,598	0	2,9651	0	
27.07.2020 11:02:39,853	0	2,9651	0	
27.07.2020 11:02:40,126	0	2,9651	0	
27.07.2020 11:02:40,392	0	2,9651	0	
27.07.2020 11:02:40,653	0	2,9651	0	
27.07.2020 11:02:40,924	0	2,9651	0	
27.07.2020 11:02:41,195	0,1552023	2,968356	0	
27.07.2020 11:02:41,450	0,7237537	2,978212	0	
27.07.2020 11:02:41,713	1,283205	2,988809	0	
27.07.2020 11:02:41,971	0,8545673	2,993222	0	
27.07.2020 11:02:42,226	0,06729908	2,994065	0	
27.07.2020 11:02:42,492	0	2,994065	0	
27.07.2020 11:02:42,758	0	2,994065	0	
27.07.2020 11:02:43,29	0	2,994065	0	
27.07.2020 11:02:43,282	0	2,994065	0	
27.07.2020 11:02:43,533	0	2,994065	0	
27.07.2020 11:02:43,792	0	2,994065	0	
27.07.2020 11:02:44,57	0	2,994065	0	
27.07.2020 11:02:44,316	0	2,994065	0	
27.07.2020 11:02:44,567	0	2,994065	0	
27.07.2020 11:02:44,839	0	2,994065	0	
27.07.2020 11:02:45,93	0	2,994065	0	
27.07.2020 11:02:45,350	0	2,994065	0	
27.07.2020 11:02:45,604	0	2,994065	0	
27.07.2020 11:02:45,865	0	2,994065	0	
27.07.2020 11:02:46,121	0	2,994065	0	
27.07.2020 11:02:46,376	0	2,994065	0	
27.07.2020 11:02:46,634	0	2,994065	0	
27.07.2020 11:02:46,894	0	2,994065	0	
27.07.2020 11:02:47,165	0	2,994065	0	
27.07.2020 11:02:47,438	0	2,994065	0	
27.07.2020 11:02:47,707	0	2,994065	0	
27.07.2020 11:02:47,978	0	2,994065	0	
27.07.2020 11:02:48,238	0	2,994065	0	
27.07.2020 11:02:48,494	0	2,994065	0	
27.07.2020 11:02:48,763	0	2,994065	0	
27.07.2020 11:02:49,25	0	2,994065	0	
27.07.2020 11:02:49,286	0	2,994065	0	
27.07.2020 11:02:49,542	0	2,994065	0	
27.07.2020 11:02:49,794	0	2,994065	0	
27.07.2020 11:02:50,57	0	2,994065	0	
27.07.2020 11:02:50,320	0	2,994065	0	
27.07.2020 11:02:50,589	0	2,994065	0	
27.07.2020 11:02:50,858	0	2,994065	0	
27.07.2020 11:02:51,124	0	2,994065	0	
27.07.2020 11:02:51,394	0	2,994101	0	
27.07.2020 11:02:51,652	0,4872073	3,002406	0	
27.07.2020 11:02:51,920	1,057239	3,012949	0	
27.07.2020 11:02:52,179	1,478499	3,02088	0	
27.07.2020 11:02:52,442	0,2901443	3,022896	0	
27.07.2020 11:02:52,694	0	3,023043	0	
27.07.2020 11:02:52,964	0	3,023043	0	
27.07.2020 11:02:53,227	0	3,023043	0	
27.07.2020 11:02:53,496	0	3,023043	0	
27.07.2020 11:02:53,760	0	3,023043	0	
27.07.2020 11:02:54,27	0	3,023043	0	
27.07.2020 11:02:54,280	0	3,023043	0	
27.07.2020 11:02:54,553	0	3,023043	0	
27.07.2020 11:02:54,811	0	3,023043	0	
27.07.2020 11:02:55,67	0	3,023043	0	
27.07.2020 11:02:55,320	0	3,023043	0	
27.07.2020 11:02:55,588	0	3,023043	0	
27.07.2020 11:02:55,854	0	3,023043	0	
27.07.2020 11:02:56,111	0	3,023043	0	
27.07.2020 11:02:56,365	0	3,023043	0	
27.07.2020 11:02:56,624	0	3,023043	0	
27.07.2020 11:02:56,894	0	3,023043	0	
27.07.2020 11:02:57,160	0	3,023043	0	
27.07.2020 11:02:57,411	0	3,023043	0	
27.07.2020 11:02:57,676	0	3,023043	0	
27.07.2020 11:02:57,947	0	3,023043	0	
27.07.2020 11:02:58,221	0	3,023043	0	
27.07.2020 11:02:58,475	0	3,023043	0	
27.07.2020 11:02:58,731	0	3,023043	0	
27.07.2020 11:02:59,5	0	3,023043	0	
27.07.2020 11:02:59,257	0	3,023043	0	
27.07.2020 11:02:59,507	0	3,023043	0	
27.07.2020 11:02:59,766	0	3,023043	0	
27.07.2020 11:03:00,19	0	3,023043	0	
27.07.2020 11:03:00,291	0	3,023043	0	
27.07.2020 11:03:00,559	0	3,023043	0	
27.07.2020 11:03:00,828	0	3,023043	0	
27.07.2020 11:03:01,82	0	3,023043	0	
27.07.2020 11:03:01,333	0	3,023043	0	
27.07.2020 11:03:01,594	0	3,023043	0	
27.07.2020 11:03:01,851	0,1775642	3,027416	0	
27.07.2020 11:03:02,109	0,7950391	3,037388	0	
27.07.2020 11:03:02,360	1,307729	3,047226	0	
27.07.2020 11:03:02,619	0,6714032	3,051214	0	
27.07.2020 11:03:02,889	0	3,051686	0	
27.07.2020 11:03:03,159	0	3,051686	0	
27.07.2020 11:03:03,409	0	3,051686	0	
27.07.2020 11:03:03,682	0	3,051686	0	
27.07.2020 11:03:03,949	0	3,051686	0	
27.07.2020 11:03:04,207	0	3,051686	0	
27.07.2020 11:03:04,471	0	3,051686	0	
27.07.2020 11:03:04,730	0	3,051686	0	
27.07.2020 11:03:04,983	0	3,051686	0	
27.07.2020 11:03:05,243	0	3,051686	0	
27.07.2020 11:03:05,513	0	3,051686	0	
27.07.2020 11:03:05,783	0	3,051686	0	
27.07.2020 11:03:06,35	0	3,051686	0	
27.07.2020 11:03:06,306	0	3,051686	0	
27.07.2020 11:03:06,570	0	3,051686	0	
27.07.2020 11:03:06,822	0	3,051686	0	
27.07.2020 11:03:07,75	0	3,051686	0	
27.07.2020 11:03:07,345	0	3,051686	0	
27.07.2020 11:03:07,612	0	3,051686	0	
27.07.2020 11:03:07,869	0	3,051686	0	
27.07.2020 11:03:08,128	0	3,051686	0	
27.07.2020 11:03:08,395	0	3,051686	0	
27.07.2020 11:03:08,660	0	3,051686	0	
27.07.2020 11:03:08,926	0	3,051686	0	
27.07.2020 11:03:09,182	0	3,051686	0	
27.07.2020 11:03:09,452	0	3,051686	0	
27.07.2020 11:03:09,721	0	3,051686	0	
27.07.2020 11:03:09,972	0	3,051686	0	
27.07.2020 11:03:10,242	0	3,051686	0	
27.07.2020 11:03:10,508	0	3,051686	0	
27.07.2020 11:03:10,773	0	3,051686	0	
27.07.2020 11:03:11,38	0	3,051686	0	
27.07.2020 11:03:11,297	0	3,051686	0	
27.07.2020 11:03:11,554	0	3,051686	0	
27.07.2020 11:03:11,823	0	3,051686	0	
27.07.2020 11:03:12,88	0,02381911	3,053554	0	
27.07.2020 11:03:12,342	0,6370282	3,063278	0	
27.07.2020 11:03:12,600	1,173238	3,073123	0	
27.07.2020 11:03:12,872	1,113028	3,079308	0	
27.07.2020 11:03:13,145	0,09907959	3,080566	0	
27.07.2020 11:03:13,411	0	3,080566	0	
27.07.2020 11:03:13,664	0	3,080566	0	
27.07.2020 11:03:13,923	0	3,080566	0	
27.07.2020 11:03:14,188	0	3,080566	0	
27.07.2020 11:03:14,448	0	3,080566	0	
27.07.2020 11:03:14,721	0	3,080566	0	
27.07.2020 11:03:14,984	0	3,080566	0	
27.07.2020 11:03:15,240	0	3,080566	0	
27.07.2020 11:03:15,513	0	3,080566	0	
27.07.2020 11:03:15,768	0	3,080566	0	
27.07.2020 11:03:16,35	0	3,080566	0	
27.07.2020 11:03:16,305	0	3,080566	0	
27.07.2020 11:03:16,556	0	3,080566	0	
27.07.2020 11:03:16,820	0	3,080566	0	
27.07.2020 11:03:17,94	0	3,080566	0	
27.07.2020 11:03:17,360	0	3,080566	0	
27.07.2020 11:03:17,625	0	3,080566	0	
27.07.2020 11:03:17,891	0	3,080566	0	
27.07.2020 11:03:18,162	0	3,080566	0	
27.07.2020 11:03:18,414	0	3,080566	0	
27.07.2020 11:03:18,677	0	3,080566	0	
27.07.2020 11:03:18,945	0	3,080566	0	
27.07.2020 11:03:19,216	0	3,080566	0	
27.07.2020 11:03:19,479	0	3,080566	0	
27.07.2020 11:03:19,750	0	3,080566	0	
27.07.2020 11:03:20,19	0	3,080566	0	
27.07.2020 11:03:20,270	0	3,080566	0	
27.07.2020 11:03:20,543	0	3,080566	0	
27.07.2020 11:03:20,806	0	3,080566	0	
27.07.2020 11:03:21,68	0	3,080566	0	
27.07.2020 11:03:21,333	0	3,080566	0	
27.07.2020 11:03:21,604	0	3,080566	0	
27.07.2020 11:03:21,859	0	3,080566	0	
27.07.2020 11:03:22,124	0	3,080566	0	
27.07.2020 11:03:22,392	0,06712662	3,082549	0	
27.07.2020 11:03:22,662	0,7026273	3,093066	0	
27.07.2020 11:03:22,929	1,240793	3,102968	0	
27.07.2020 11:03:23,191	0,9178251	3,108532	0	
27.07.2020 11:03:23,443	0,1003339	3,10955	0	
27.07.2020 11:03:23,713	0	3,10955	0	
27.07.2020 11:03:23,972	0	3,10955	0	
27.07.2020 11:03:24,239	0	3,10955	0	
27.07.2020 11:03:24,511	0	3,10955	0	
27.07.2020 11:03:24,763	0	3,10955	0	
27.07.2020 11:03:25,35	0	3,10955	0	
27.07.2020 11:03:25,307	0	3,10955	0	
27.07.2020 11:03:25,567	0	3,10955	0	
27.07.2020 11:03:25,831	0	3,10955	0	
27.07.2020 11:03:26,91	0	3,10955	0	
27.07.2020 11:03:26,355	0	3,10955	0	
27.07.2020 11:03:26,625	0	3,10955	0	
27.07.2020 11:03:26,893	0	3,10955	0	
27.07.2020 11:03:27,149	0	3,10955	0	
27.07.2020 11:03:27,416	0	3,10955	0	
27.07.2020 11:03:27,668	0	3,10955	0	
27.07.2020 11:03:27,918	0	3,10955	0	
27.07.2020 11:03:28,170	0	3,10955	0	
27.07.2020 11:03:28,437	0	3,10955	0	
27.07.2020 11:03:28,700	0	3,10955	0	
27.07.2020 11:03:28,971	0	3,10955	0	
27.07.2020 11:03:29,238	0	3,10955	0	
27.07.2020 11:03:29,508	0	3,10955	0	
27.07.2020 11:03:29,777	0	3,10955	0	
27.07.2020 11:03:30,33	0	3,10955	0	
27.07.2020 11:03:30,289	0	3,10955	0	
27.07.2020 11:03:30,557	0	3,10955	0	
27.07.2020 11:03:30,819	0	3,10955	0	
27.07.2020 11:03:31,73	0	3,10955	0	
27.07.2020 11:03:31,328	0	3,10955	0	
27.07.2020 11:03:31,594	0	3,10955	0	
27.07.2020 11:03:31,859	0	3,109676	0	
27.07.2020 11:03:32,129	0,1228488	3,11124	0	
27.07.2020 11:03:32,383	0,1544931	3,112005	0	
27.07.2020 11:03:32,652	0,6922179	3,115745	0	
27.07.2020 11:03:32,921	1,618695	3,123937	0	
27.07.2020 11:03:33,172	1,619136	3,131214	0	
27.07.2020 11:03:33,443	1,607492	3,138736	0	
27.07.2020 11:03:33,702	1,310537	3,141905	0	
27.07.2020 11:03:33,962	0,7169125	3,14265	0	
27.07.2020 11:03:34,234	0	3,14265	0	
27.07.2020 11:03:34,486	0	3,14265	0	
27.07.2020 11:03:34,748	0	3,14265	0	
27.07.2020 11:03:35,5	0	3,14265	0	
27.07.2020 11:03:35,256	0	3,14265	0	
27.07.2020 11:03:35,508	0	3,14265	0	
27.07.2020 11:03:35,765	0	3,14265	0	
27.07.2020 11:03:36,35	0	3,14265	0	
27.07.2020 11:03:36,296	0	3,14265	0	
27.07.2020 11:03:36,565	0	3,14265	0	
27.07.2020 11:03:36,836	0	3,14265	0	
27.07.2020 11:03:37,88	0	3,14265	0	
27.07.2020 11:03:37,343	0	3,14265	0	
27.07.2020 11:03:37,603	0	3,14265	0	
27.07.2020 11:03:37,862	0	3,14265	0	
27.07.2020 11:03:38,124	0	3,14265	0	
27.07.2020 11:03:38,392	0	3,14265	0	
27.07.2020 11:03:38,664	0	3,14265	0	
27.07.2020 11:03:38,927	0	3,14265	0	
27.07.2020 11:03:39,195	0,05279873	3,143822	0	
27.07.2020 11:03:39,457	0,2107794	3,145463	0	
27.07.2020 11:03:39,710	0,2980299	3,147053	0	
27.07.2020 11:03:39,965	0,3250261	3,148463	0	
27.07.2020 11:03:40,235	0,3095704	3,149778	0	
27.07.2020 11:03:40,494	0,2817494	3,150801	0	
27.07.2020 11:03:40,745	0,2484084	3,151847	0	
27.07.2020 11:03:41,10	0,2408398	3,152873	0	
27.07.2020 11:03:41,271	0,2405004	3,153993	0	
27.07.2020 11:03:41,529	0,2408918	3,154963	0	
27.07.2020 11:03:41,788	0,2431615	3,156043	0	
27.07.2020 11:03:42,59	0,246171	3,157218	0	
27.07.2020 11:03:42,324	0,2478669	3,158224	0	
27.07.2020 11:03:42,593	0,249917	3,159404	0	
27.07.2020 11:03:42,850	0,2765989	3,161468	0	
27.07.2020 11:03:43,121	0,8380818	3,168886	0	
27.07.2020 11:03:43,377	1,347389	3,176902	0	
27.07.2020 11:03:43,639	1,594028	3,185755	0	
27.07.2020 11:03:43,910	1,549599	3,191837	0	
27.07.2020 11:03:44,163	1,172511	3,194238	0	
27.07.2020 11:03:44,427	0,5528671	3,194742	0	
27.07.2020 11:03:44,684	0	3,194742	0	
27.07.2020 11:03:44,937	0	3,194742	0	
27.07.2020 11:03:45,208	0	3,194742	0	
27.07.2020 11:03:45,471	0	3,194742	0	
27.07.2020 11:03:45,737	0	3,194742	0	
27.07.2020 11:03:46,0	0	3,194742	0	
27.07.2020 11:03:46,259	0	3,194742	0	
27.07.2020 11:03:46,527	0	3,194858	0	
27.07.2020 11:03:46,787	0,1756614	3,197201	0	
27.07.2020 11:03:47,39	0,3017375	3,199013	0	
27.07.2020 11:03:47,295	0,342593	3,200427	0	
27.07.2020 11:03:47,564	0,3249322	3,201768	0	
27.07.2020 11:03:47,831	0,2852675	3,202807	0	
27.07.2020 11:03:48,82	0,2574587	3,203894	0	
27.07.2020 11:03:48,339	0,2729207	3,205132	0	
27.07.2020 11:03:48,611	0,3215153	3,206914	0	
27.07.2020 11:03:48,880	0,4158245	3,208977	0	
27.07.2020 11:03:49,151	0,4682483	3,211012	0	
27.07.2020 11:03:49,402	0,4715676	3,213087	0	
27.07.2020 11:03:49,673	0,4728116	3,21514	0	
27.07.2020 11:03:49,925	0,4697349	3,217141	0	
27.07.2020 11:03:50,180	0,4650782	3,219108	0	
27.07.2020 11:03:50,441	0,4594232	3,221044	0	
27.07.2020 11:03:50,712	0,4546295	3,222979	0	
27.07.2020 11:03:50,971	0,4518794	3,224913	0	
27.07.2020 11:03:51,245	0,4497889	3,226995	0	
27.07.2020 11:03:51,504	0,4490901	3,228786	0	
27.07.2020 11:03:51,764	0,4483953	3,230869	0	
27.07.2020 11:03:52,25	0,4484774	3,232817	0	
27.07.2020 11:03:52,279	0,4489629	3,234767	0	
27.07.2020 11:03:52,551	0,4487486	3,23671	0	
27.07.2020 11:03:52,820	0,4488932	3,238807	0	
27.07.2020 11:03:53,75	0,4521705	3,241029	0	
27.07.2020 11:03:53,331	0,7739986	3,247422	0	
27.07.2020 11:03:53,583	1,223918	3,255511	0	
27.07.2020 11:03:53,839	1,559685	3,263811	0	
27.07.2020 11:03:54,89	1,600837	3,271695	0	
27.07.2020 11:03:54,356	1,556424	3,278229	0	
27.07.2020 11:03:54,608	1,227731	3,280881	0	
27.07.2020 11:03:54,878	0,6155182	3,281801	0	
27.07.2020 11:03:55,150	0,05192418	3,282008	0	
27.07.2020 11:03:55,413	0,02868749	3,282156	0	
27.07.2020 11:03:55,684	0,06940091	3,282832	0	
27.07.2020 11:03:55,951	0,2058162	3,284163	0	
27.07.2020 11:03:56,217	0,4224105	3,286073	0	
27.07.2020 11:03:56,474	0,4385445	3,288046	0	
27.07.2020 11:03:56,728	0,448805	3,289923	0	
27.07.2020 11:03:56,982	0,4547518	3,291778	0	
27.07.2020 11:03:57,236	0,4536026	3,293727	0	
27.07.2020 11:03:57,487	0,449792	3,295634	0	
27.07.2020 11:03:57,755	0,4442718	3,297513	0	
27.07.2020 11:03:58,9	0,4411502	3,299397	0	
27.07.2020 11:03:58,275	0,4398649	3,301296	0	
27.07.2020 11:03:58,541	0,4399775	3,303357	0	
27.07.2020 11:03:58,814	0,4423801	3,305295	0	
27.07.2020 11:03:59,85	0,444546	3,307388	0	
27.07.2020 11:03:59,342	0,4465676	3,309344	0	
27.07.2020 11:03:59,615	0,4489903	3,311308	0	
27.07.2020 11:03:59,878	0,4500355	3,313422	0	
27.07.2020 11:04:00,134	0,4516812	3,315243	0	
27.07.2020 11:04:00,396	0,452742	3,317212	0	
27.07.2020 11:04:00,648	0,4531972	3,319179	0	
27.07.2020 11:04:00,914	0,4552135	3,321337	0	
27.07.2020 11:04:01,166	0,4697414	3,323387	0	
27.07.2020 11:04:01,423	0,5184398	3,325924	0	
27.07.2020 11:04:01,697	0,6116871	3,328944	0	
27.07.2020 11:04:01,954	0,6695011	3,331682	0	
27.07.2020 11:04:02,205	0,6789119	3,334713	0	
27.07.2020 11:04:02,476	0,6856281	3,337964	0	
27.07.2020 11:04:02,736	0,687365	3,340951	0	
27.07.2020 11:04:02,989	0,6852723	3,343667	0	
27.07.2020 11:04:03,254	0,680814	3,346579	0	
27.07.2020 11:04:03,518	0,7936592	3,351982	0	
27.07.2020 11:04:03,790	1,166716	3,359705	0	
27.07.2020 11:04:04,65	1,491442	3,368313	0	
27.07.2020 11:04:04,318	1,599872	3,376543	0	
27.07.2020 11:04:04,582	1,606679	3,384342	0	
27.07.2020 11:04:04,845	1,611183	3,392727	0	
27.07.2020 11:04:05,97	1,369452	3,396403	0	
27.07.2020 11:04:05,371	0,8982484	3,398233	0	
27.07.2020 11:04:05,641	0,3350429	3,39939	0	
27.07.2020 11:04:05,900	0,2459001	3,400529	0	
27.07.2020 11:04:06,172	0,2962257	3,40216	0	
27.07.2020 11:04:06,445	0,4143451	3,404511	0	
27.07.2020 11:04:06,709	0,6107599	3,407131	0	
27.07.2020 11:04:06,963	0,6379306	3,409971	0	
27.07.2020 11:04:07,228	0,6495811	3,412899	0	
27.07.2020 11:04:07,500	0,6608988	3,415846	0	
27.07.2020 11:04:07,758	0,6640966	3,418745	0	
27.07.2020 11:04:08,17	0,6633341	3,421826	0	
27.07.2020 11:04:08,271	0,6605622	3,424664	0	
27.07.2020 11:04:08,532	0,6585804	3,427286	0	
27.07.2020 11:04:08,803	0,6587922	3,430365	0	
27.07.2020 11:04:09,61	0,659712	3,433234	0	
27.07.2020 11:04:09,317	0,6622349	3,435906	0	
27.07.2020 11:04:09,585	0,6654198	3,439042	0	
27.07.2020 11:04:09,853	0,6685472	3,442196	0	
27.07.2020 11:04:10,106	0,6721134	3,444918	0	
27.07.2020 11:04:10,377	0,6751787	3,447865	0	
27.07.2020 11:04:10,633	0,6773353	3,450819	0	
27.07.2020 11:04:10,899	0,6795887	3,453781	0	
27.07.2020 11:04:11,150	0,6805176	3,456737	0	
27.07.2020 11:04:11,418	0,6815417	3,459931	0	
27.07.2020 11:04:11,673	0,6821424	3,462889	0	
27.07.2020 11:04:11,924	0,6823095	3,465625	0	
27.07.2020 11:04:12,184	0,6840777	3,468601	0	
27.07.2020 11:04:12,437	0,6851394	3,471352	0	
27.07.2020 11:04:12,700	0,6865922	3,47457	0	
27.07.2020 11:04:12,972	0,6921803	3,477641	0	
27.07.2020 11:04:13,238	0,7283501	3,48139	0	
27.07.2020 11:04:13,491	0,8110242	3,485051	0	
27.07.2020 11:04:13,741	1,058419	3,490132	0	
27.07.2020 11:04:14,14	1,618653	3,497799	0	
27.07.2020 11:04:14,276	1,619109	3,506421	0	
27.07.2020 11:04:14,528	1,619391	3,514028	0	
27.07.2020 11:04:14,794	1,61961	3,522519	0	
27.07.2020 11:04:15,68	1,619742	3,531941	0	
27.07.2020 11:04:15,328	1,619829	3,540967	0	
27.07.2020 11:04:15,579	1,619887	3,549451	0	
27.07.2020 11:04:15,834	1,497055	3,554753	0	
27.07.2020 11:04:16,89	1,167082	3,557663	0	
27.07.2020 11:04:16,352	0,7183415	3,560091	0	
27.07.2020 11:04:16,616	0,578683	3,562347	0	
27.07.2020 11:04:16,885	0,6151285	3,565598	0	
27.07.2020 11:04:17,138	0,7209994	3,569246	0	
27.07.2020 11:04:17,395	0,8968823	3,573009	0	
27.07.2020 11:04:17,651	0,9888779	3,57732	0	
27.07.2020 11:04:17,919	0,9988577	3,582077	0	
27.07.2020 11:04:18,178	1,006921	3,586498	0	
27.07.2020 11:04:18,448	1,007976	3,590863	0	
27.07.2020 11:04:18,706	1,005297	3,595192	0	
27.07.2020 11:04:18,961	1,001405	3,599497	0	
27.07.2020 11:04:19,212	0,9984545	3,603469	0	
27.07.2020 11:04:19,482	0,9980284	3,608126	0	
27.07.2020 11:04:19,741	0,9986457	3,612463	0	
27.07.2020 11:04:20,5	1,001123	3,616825	0	
27.07.2020 11:04:20,276	1,004197	3,621202	0	
27.07.2020 11:04:20,538	1,006337	3,625924	0	
27.07.2020 11:04:20,794	1,00954	3,630327	0	
27.07.2020 11:04:21,67	1,011794	3,63473	0	
27.07.2020 11:04:21,324	1,013912	3,639142	0	
27.07.2020 11:04:21,592	1,015791	3,643559	0	
27.07.2020 11:04:21,865	1,016725	3,648316	0	
27.07.2020 11:04:22,134	1,018598	3,653084	0	
27.07.2020 11:04:22,392	1,019192	3,657165	0	
27.07.2020 11:04:22,660	1,020184	3,661936	0	
27.07.2020 11:04:22,915	1,021561	3,666373	0	
27.07.2020 11:04:23,176	1,022264	3,670471	0	
27.07.2020 11:04:23,450	1,023575	3,675263	0	
27.07.2020 11:04:23,716	1,02456	3,68005	0	
27.07.2020 11:04:23,989	1,027385	3,684701	0	
27.07.2020 11:04:24,246	1,218349	3,69212	0	
27.07.2020 11:04:24,501	1,426295	3,700016	0	
27.07.2020 11:04:24,771	1,575202	3,708184	0	
27.07.2020 11:04:25,32	1,594057	3,716603	0	
27.07.2020 11:04:25,300	1,60283	3,725938	0	
27.07.2020 11:04:25,551	1,608269	3,734188	0	
27.07.2020 11:04:25,806	1,612236	3,743363	0	
27.07.2020 11:04:26,66	1,607435	3,750906	0	
27.07.2020 11:04:26,319	1,344513	3,754568	0	
27.07.2020 11:04:26,582	0,952289	3,757132	0	
27.07.2020 11:04:26,848	0,6257607	3,75959	0	
27.07.2020 11:04:27,121	0,630349	3,762726	0	
27.07.2020 11:04:27,392	0,7110217	3,766286	0	
27.07.2020 11:04:27,665	0,8570853	3,770669	0	
27.07.2020 11:04:27,917	0,9921866	3,775049	0	
27.07.2020 11:04:28,179	1,007801	3,779212	0	
27.07.2020 11:04:28,441	1,019567	3,784072	0	
27.07.2020 11:04:28,698	1,024655	3,788546	0	
27.07.2020 11:04:28,949	1,024411	3,792633	0	
27.07.2020 11:04:29,205	1,020559	3,797021	0	
27.07.2020 11:04:29,461	1,017568	3,801405	0	
27.07.2020 11:04:29,724	1,015091	3,805782	0	
27.07.2020 11:04:29,989	1,014271	3,810173	0	
27.07.2020 11:04:30,242	1,015316	3,814245	0	
27.07.2020 11:04:30,508	1,0172	3,819012	0	
27.07.2020 11:04:30,759	1,019874	3,823459	0	
27.07.2020 11:04:31,22	1,017535	3,827482	0	
27.07.2020 11:04:31,279	0,9931276	3,83155	0	
27.07.2020 11:04:31,548	0,9354046	3,83555	0	
27.07.2020 11:04:31,811	0,8444543	3,839004	0	
27.07.2020 11:04:32,72	0,7862282	3,842345	0	
27.07.2020 11:04:32,335	0,7791219	3,84592	0	
27.07.2020 11:04:32,596	0,7772579	3,849023	0	
27.07.2020 11:04:32,869	0,7816066	3,852716	0	
27.07.2020 11:04:33,135	0,7886533	3,856464	0	
27.07.2020 11:04:33,396	0,7962555	3,859714	0	
27.07.2020 11:04:33,647	0,8023139	3,86325	0	
27.07.2020 11:04:33,898	0,8068664	3,866515	0	
27.07.2020 11:04:34,168	0,8108436	3,870335	0	
27.07.2020 11:04:34,425	0,9059981	3,875778	0	
27.07.2020 11:04:34,675	1,218209	3,882927	0	
27.07.2020 11:04:34,946	1,479918	3,891574	0	
27.07.2020 11:04:35,215	1,59901	3,899832	0	
27.07.2020 11:04:35,477	1,606108	3,908344	0	
27.07.2020 11:04:35,728	1,610509	3,917084	0	
27.07.2020 11:04:35,996	1,613409	3,925546	0	
27.07.2020 11:04:36,267	1,361586	3,929156	0	
27.07.2020 11:04:36,533	0,872072	3,931141	0	
27.07.2020 11:04:36,785	0,4415066	3,932631	0	
27.07.2020 11:04:37,57	0,3751339	3,934342	0	
27.07.2020 11:04:37,329	0,433657	3,936817	0	
27.07.2020 11:04:37,584	0,5684822	3,939709	0	
27.07.2020 11:04:37,835	0,7609686	3,942718	0	
27.07.2020 11:04:38,107	0,7818701	3,946465	0	
27.07.2020 11:04:38,376	0,794467	3,950279	0	
27.07.2020 11:04:38,637	0,8018499	3,953541	0	
27.07.2020 11:04:38,892	0,8042918	3,957039	0	
27.07.2020 11:04:39,158	0,802079	3,960758	0	
27.07.2020 11:04:39,415	0,799535	3,963936	0	
27.07.2020 11:04:39,684	0,7974588	3,967642	0	
27.07.2020 11:04:39,941	0,7977687	3,971105	0	
27.07.2020 11:04:40,205	0,799628	3,974586	0	
27.07.2020 11:04:40,470	0,801765	3,978081	0	
27.07.2020 11:04:40,734	0,8049872	3,98187	0	
27.07.2020 11:04:40,999	0,807325	3,985118	0	
27.07.2020 11:04:41,271	0,8089343	3,988911	0	
27.07.2020 11:04:41,535	0,8111349	3,992712	0	
27.07.2020 11:04:41,794	0,8125365	3,995972	0	
27.07.2020 11:04:42,45	0,8133516	3,999509	0	
27.07.2020 11:04:42,319	0,8145233	4,003318	0	
27.07.2020 11:04:42,582	0,8147784	4,006854	0	
27.07.2020 11:04:42,849	0,8162357	4,010402	0	
27.07.2020 11:04:43,108	0,8168986	4,013947	0	
27.07.2020 11:04:43,379	0,8177086	4,017498	0	
27.07.2020 11:04:43,650	0,8181955	4,021319	0	
27.07.2020 11:04:43,909	0,8176188	4,02486	0	
27.07.2020 11:04:44,179	0,8185868	4,028414	0	
27.07.2020 11:04:44,447	0,8186482	4,032232	0	
27.07.2020 11:04:44,712	0,910393	4,037339	0	
27.07.2020 11:04:44,968	1,206421	4,045053	0	
27.07.2020 11:04:45,237	1,493832	4,053621	0	
27.07.2020 11:04:45,493	1,602158	4,061821	0	
27.07.2020 11:04:45,747	1,607811	4,069587	0	
27.07.2020 11:04:46,13	1,612185	4,077525	0	
27.07.2020 11:04:46,272	1,351445	4,081165	0	
27.07.2020 11:04:46,540	0,8283808	4,082633	0	
27.07.2020 11:04:46,812	0,1978026	4,083077	0	
27.07.2020 11:04:47,78	0,06864122	4,08342	0	
27.07.2020 11:04:47,329	0,09802544	4,084134	0	
27.07.2020 11:04:47,582	0,2106709	4,085445	0	
27.07.2020 11:04:47,846	0,4065333	4,087524	0	
27.07.2020 11:04:48,108	0,5138214	4,089775	0	
27.07.2020 11:04:48,367	0,5242142	4,092146	0	
27.07.2020 11:04:48,631	0,5328383	4,094525	0	
27.07.2020 11:04:48,904	0,5360975	4,097039	0	
27.07.2020 11:04:49,161	0,5332513	4,099143	0	
27.07.2020 11:04:49,420	0,5288485	4,10157	0	
27.07.2020 11:04:49,674	0,5249139	4,103638	0	
27.07.2020 11:04:49,942	0,5231178	4,106067	0	
27.07.2020 11:04:50,206	0,5243511	4,108351	0	
27.07.2020 11:04:50,466	0,5256505	4,110641	0	
27.07.2020 11:04:50,721	0,5281793	4,112957	0	
27.07.2020 11:04:50,985	0,5305192	4,115278	0	
27.07.2020 11:04:51,245	0,5326743	4,117608	0	
27.07.2020 11:04:51,511	0,5353459	4,119949	0	
27.07.2020 11:04:51,772	0,5367629	4,122285	0	
27.07.2020 11:04:52,43	0,5377336	4,124804	0	
27.07.2020 11:04:52,311	0,5390737	4,12733	0	
27.07.2020 11:04:52,565	0,5392432	4,129311	0	
27.07.2020 11:04:52,824	0,5400259	4,13184	0	
27.07.2020 11:04:53,76	0,5406531	4,134186	0	
27.07.2020 11:04:53,343	0,541073	4,136534	0	
27.07.2020 11:04:53,609	0,5415456	4,138885	0	
27.07.2020 11:04:53,865	0,5414548	4,141234	0	
27.07.2020 11:04:54,116	0,5421704	4,143592	0	
27.07.2020 11:04:54,381	0,5421472	4,145756	0	
27.07.2020 11:04:54,638	0,5419976	4,148103	0	
27.07.2020 11:04:54,889	0,5434605	4,150597	0	
27.07.2020 11:04:55,147	0,8436005	4,157295	0	
27.07.2020 11:04:55,401	1,256504	4,165226	0	
27.07.2020 11:04:55,659	1,564648	4,17275	0	
27.07.2020 11:04:55,929	1,602963	4,181754	0	
27.07.2020 11:04:56,193	1,608458	4,190022	0	
27.07.2020 11:04:56,455	1,354473	4,193343	0	
27.07.2020 11:04:56,714	0,8519685	4,19494	0	
27.07.2020 11:04:56,984	0,267167	4,195633	0	
27.07.2020 11:04:57,253	0,119255	4,196157	0	
27.07.2020 11:04:57,511	0,1487769	4,197115	0	
27.07.2020 11:04:57,769	0,2481288	4,198659	0	
27.07.2020 11:04:58,36	0,4385697	4,200666	0	
27.07.2020 11:04:58,288	0,5198658	4,202935	0	
27.07.2020 11:04:58,539	0,5274585	4,205301	0	
27.07.2020 11:04:58,795	0,5352247	4,207682	0	
27.07.2020 11:04:59,49	0,536845	4,209831	0	
27.07.2020 11:04:59,305	0,5340477	4,212111	0	
27.07.2020 11:04:59,556	0,5296148	4,21419	0	
27.07.2020 11:04:59,818	0,5247679	4,216592	0	
27.07.2020 11:05:00,73	0,522289	4,21884	0	
27.07.2020 11:05:00,344	0,5216863	4,221099	0	
27.07.2020 11:05:00,605	0,5224894	4,223374	0	
27.07.2020 11:05:00,874	0,5252151	4,225671	0	
27.07.2020 11:05:01,136	0,5270303	4,227971	0	
27.07.2020 11:05:01,388	0,529013	4,230285	0	
27.07.2020 11:05:01,657	0,5304582	4,232772	0	
27.07.2020 11:05:01,911	0,5308669	4,234901	0	
27.07.2020 11:05:02,171	0,53223	4,237219	0	
27.07.2020 11:05:02,444	0,5327702	4,239706	0	
27.07.2020 11:05:02,715	0,5326059	4,242013	0	
27.07.2020 11:05:02,981	0,5307069	4,244456	0	
27.07.2020 11:05:03,245	0,5165762	4,246548	0	
27.07.2020 11:05:03,514	0,4803463	4,248452	0	
27.07.2020 11:05:03,777	0,4248034	4,250328	0	
27.07.2020 11:05:04,28	0,3939945	4,251878	0	
27.07.2020 11:05:04,288	0,3906805	4,253543	0	
27.07.2020 11:05:04,538	0,3896011	4,255101	0	
27.07.2020 11:05:04,809	0,3927516	4,25697	0	
27.07.2020 11:05:05,79	0,3975182	4,258731	0	
27.07.2020 11:05:05,340	0,5186388	4,263045	0	
27.07.2020 11:05:05,599	1,026598	4,2708	0	
27.07.2020 11:05:05,853	1,441184	4,278778	0	
27.07.2020 11:05:06,110	1,598444	4,286352	0	
27.07.2020 11:05:06,378	1,606179	4,294648	0	
27.07.2020 11:05:06,637	1,371998	4,298239	0	
27.07.2020 11:05:06,892	0,860749	4,29951	0	
27.07.2020 11:05:07,167	0,2288918	4,29983	0	
27.07.2020 11:05:07,434	0	4,29983	0	
27.07.2020 11:05:07,691	0	4,29983	0	
27.07.2020 11:05:07,949	0	4,29983	0	
27.07.2020 11:05:08,216	0,03461118	4,30093	0	
27.07.2020 11:05:08,467	0,249416	4,303291	0	
27.07.2020 11:05:08,733	0,4333174	4,305724	0	
27.07.2020 11:05:09,3	0,4908566	4,308066	0	
27.07.2020 11:05:09,275	0,4708317	4,309929	0	
27.07.2020 11:05:09,541	0,4298397	4,311717	0	
27.07.2020 11:05:09,806	0,3775145	4,313285	0	
27.07.2020 11:05:10,75	0,362992	4,314847	0	
27.07.2020 11:05:10,344	0,3653134	4,316584	0	
27.07.2020 11:05:10,615	0,3715321	4,318248	0	
27.07.2020 11:05:10,873	0,3798891	4,319967	0	
27.07.2020 11:05:11,130	0,3893861	4,32172	0	
27.07.2020 11:05:11,382	0,3950189	4,323482	0	
27.07.2020 11:05:11,643	0,3995955	4,325254	0	
27.07.2020 11:05:11,912	0,4025231	4,327019	0	
27.07.2020 11:05:12,185	0,4041893	4,328919	0	
27.07.2020 11:05:12,453	0,4055325	4,330687	0	
27.07.2020 11:05:12,712	0,4062603	4,332457	0	
27.07.2020 11:05:12,985	0,407389	4,334372	0	
27.07.2020 11:05:13,243	0,4079501	4,336141	0	
27.07.2020 11:05:13,503	0,4083304	4,337914	0	
27.07.2020 11:05:13,766	0,4089047	4,339688	0	
27.07.2020 11:05:14,37	0,4087245	4,34146	0	
27.07.2020 11:05:14,294	0,4099011	4,343248	0	
27.07.2020 11:05:14,561	0,4101089	4,345164	0	
27.07.2020 11:05:14,821	0,4104318	4,346809	0	
27.07.2020 11:05:15,92	0,4109071	4,348727	0	
27.07.2020 11:05:15,350	0,4104134	4,350637	0	
27.07.2020 11:05:15,616	0,4873175	4,35377	0	
27.07.2020 11:05:15,884	0,9912917	4,362168	0	
27.07.2020 11:05:16,139	1,416216	4,370286	0	
27.07.2020 11:05:16,403	1,598505	4,378013	0	
27.07.2020 11:05:16,670	1,605196	4,386267	0	
27.07.2020 11:05:16,929	1,34387	4,389647	0	
27.07.2020 11:05:17,191	0,7649872	4,390821	0	
27.07.2020 11:05:17,460	0	4,391011	0	
27.07.2020 11:05:17,720	0	4,391011	0	
27.07.2020 11:05:17,989	0	4,391011	0	
27.07.2020 11:05:18,240	0	4,391011	0	
27.07.2020 11:05:18,499	0	4,391048	0	
27.07.2020 11:05:18,771	0,1570312	4,39324	0	
27.07.2020 11:05:19,24	0,2827597	4,395007	0	
27.07.2020 11:05:19,291	0,3310973	4,396489	0	
27.07.2020 11:05:19,558	0,3119101	4,397765	0	
27.07.2020 11:05:19,826	0,2752033	4,398776	0	
27.07.2020 11:05:20,97	0,2271497	4,399785	0	
27.07.2020 11:05:20,356	0,2172197	4,40065	0	
27.07.2020 11:05:20,617	0,2208928	4,401644	0	
27.07.2020 11:05:20,868	0,2281784	4,402689	0	
27.07.2020 11:05:21,134	0,2439723	4,403881	0	
27.07.2020 11:05:21,394	0,2580411	4,404934	0	
27.07.2020 11:05:21,646	0,2601736	4,406086	0	
27.07.2020 11:05:21,916	0,2632409	4,40734	0	
27.07.2020 11:05:22,168	0,2645273	4,408407	0	
27.07.2020 11:05:22,429	0,2653637	4,409565	0	
27.07.2020 11:05:22,691	0,2666131	4,41073	0	
27.07.2020 11:05:22,941	0,2668617	4,41189	0	
27.07.2020 11:05:23,205	0,2673654	4,412965	0	
27.07.2020 11:05:23,457	0,2676301	4,414127	0	
27.07.2020 11:05:23,728	0,2686746	4,415392	0	
27.07.2020 11:05:24,1	0,2700862	4,416572	0	
27.07.2020 11:05:24,262	0,2702486	4,417838	0	
27.07.2020 11:05:24,521	0,270961	4,419018	0	
27.07.2020 11:05:24,772	0,2706594	4,420186	0	
27.07.2020 11:05:25,31	0,2704123	4,421267	0	
27.07.2020 11:05:25,282	0,2708606	4,42244	0	
27.07.2020 11:05:25,552	0,2700953	4,423603	0	
27.07.2020 11:05:25,811	0,2739903	4,424939	0	
27.07.2020 11:05:26,66	0,6371802	4,431203	0	
27.07.2020 11:05:26,325	1,173308	4,439141	0	
27.07.2020 11:05:26,576	1,561397	4,447338	0	
27.07.2020 11:05:26,834	1,600271	4,454986	0	
27.07.2020 11:05:27,101	1,356992	4,458237	0	
27.07.2020 11:05:27,366	0,7957074	4,45918	0	
27.07.2020 11:05:27,626	0	4,45918	0	
27.07.2020 11:05:27,898	0	4,45918	0	
27.07.2020 11:05:28,168	0	4,45918	0	
27.07.2020 11:05:28,429	0	4,45918	0	
27.07.2020 11:05:28,695	0	4,45918	0	
27.07.2020 11:05:28,960	0	4,45918	0	
27.07.2020 11:05:29,231	0	4,45918	0	
27.07.2020 11:05:29,491	0	4,45918	0	
27.07.2020 11:05:29,752	0	4,45918	0	
27.07.2020 11:05:30,18	0	4,45918	0	
27.07.2020 11:05:30,291	0	4,45918	0	
27.07.2020 11:05:30,553	0	4,45918	0	
27.07.2020 11:05:30,822	0	4,45918	0	
27.07.2020 11:05:31,86	0	4,45918	0	
27.07.2020 11:05:31,340	0	4,45918	0	
27.07.2020 11:05:31,594	0	4,45918	0	
27.07.2020 11:05:31,859	0	4,45918	0	
27.07.2020 11:05:32,127	0	4,45918	0	
27.07.2020 11:05:32,399	0,0706012	4,460298	0	
27.07.2020 11:05:32,669	0,1973658	4,46194	0	
27.07.2020 11:05:32,929	0,2394378	4,463065	0	
27.07.2020 11:05:33,187	0,1998751	4,463871	0	
27.07.2020 11:05:33,443	0,117746	4,464431	0	
27.07.2020 11:05:33,694	0,112221	4,464828	0	
27.07.2020 11:05:33,951	0,1029254	4,465219	0	
27.07.2020 11:05:34,223	0,09408043	4,465641	0	
27.07.2020 11:05:34,485	0,09647183	4,466092	0	
27.07.2020 11:05:34,743	0,1054777	4,466601	0	
27.07.2020 11:05:35,6	0,1192588	4,467146	0	
27.07.2020 11:05:35,273	0,1285174	4,467712	0	
27.07.2020 11:05:35,538	0,1284526	4,468305	0	
27.07.2020 11:05:35,801	0,1275274	4,468809	0	
27.07.2020 11:05:36,65	0,1257026	4,469408	0	
27.07.2020 11:05:36,316	0,391112	4,474052	0	
27.07.2020 11:05:36,581	1,027339	4,481774	0	
27.07.2020 11:05:36,853	1,536197	4,489728	0	
27.07.2020 11:05:37,116	1,593303	4,496949	0	
27.07.2020 11:05:37,388	1,257623	4,49972	0	
27.07.2020 11:05:37,644	0,6357431	4,500252	0	
27.07.2020 11:05:37,918	0	4,500252	0	
27.07.2020 11:05:38,172	0	4,500252	0	
27.07.2020 11:05:38,446	0	4,500252	0	
27.07.2020 11:05:38,716	0	4,500252	0	
27.07.2020 11:05:38,969	0	4,500252	0	
27.07.2020 11:05:39,234	0	4,500252	0	
27.07.2020 11:05:39,486	0	4,500252	0	
27.07.2020 11:05:39,751	0	4,500252	0	
27.07.2020 11:05:40,3	0	4,500252	0	
27.07.2020 11:05:40,258	0	4,500252	0	
27.07.2020 11:05:40,528	0	4,500252	0	
27.07.2020 11:05:40,800	0	4,500252	0	
27.07.2020 11:05:41,68	0	4,500252	0	
27.07.2020 11:05:41,328	0	4,500252	0	
27.07.2020 11:05:41,597	0	4,500252	0	
27.07.2020 11:05:41,869	0	4,500252	0	
27.07.2020 11:05:42,120	0	4,500252	0	
27.07.2020 11:05:42,387	0	4,500252	0	
27.07.2020 11:05:42,638	0	4,500252	0	
27.07.2020 11:05:42,899	0	4,500252	0	
27.07.2020 11:05:43,153	0	4,500252	0	
27.07.2020 11:05:43,413	0	4,500252	0	
27.07.2020 11:05:43,672	0	4,500252	0	
27.07.2020 11:05:43,924	0	4,500252	0	
27.07.2020 11:05:44,192	0	4,500252	0	
27.07.2020 11:05:44,445	0	4,500252	0	
27.07.2020 11:05:44,716	0	4,500252	0	
27.07.2020 11:05:44,970	0	4,500252	0	
27.07.2020 11:05:45,231	0	4,500252	0	
27.07.2020 11:05:45,488	0	4,500252	0	
27.07.2020 11:05:45,752	0	4,500252	0	
27.07.2020 11:05:46,9	0	4,500252	0	
27.07.2020 11:05:46,274	0	4,500252	0	
27.07.2020 11:05:46,545	0	4,500523	0	
27.07.2020 11:05:46,804	0,4986584	4,509817	0	
27.07.2020 11:05:47,58	1,062928	4,519113	0	
27.07.2020 11:05:47,321	1,408715	4,527412	0	
27.07.2020 11:05:47,579	0,1988982	4,529038	0	
27.07.2020 11:05:47,842	0	4,52907	0	
27.07.2020 11:05:48,113	0	4,52907	0	
27.07.2020 11:05:48,365	0	4,52907	0	
27.07.2020 11:05:48,618	0	4,52907	0	
27.07.2020 11:05:48,879	0	4,52907	0	
27.07.2020 11:05:49,143	0	4,52907	0	
27.07.2020 11:05:49,406	0	4,52907	0	
27.07.2020 11:05:49,675	0	4,52907	0	
27.07.2020 11:05:49,932	0	4,52907	0	
27.07.2020 11:05:50,191	0	4,52907	0	
27.07.2020 11:05:50,463	0	4,52907	0	
27.07.2020 11:05:50,734	0	4,52907	0	
27.07.2020 11:05:51,5	0	4,52907	0	
27.07.2020 11:05:51,269	0	4,52907	0	
27.07.2020 11:05:51,543	0	4,52907	0	
27.07.2020 11:05:51,815	0	4,52907	0	
27.07.2020 11:05:52,79	0	4,52907	0	
27.07.2020 11:05:52,341	0	4,52907	0	
27.07.2020 11:05:52,606	0	4,52907	0	
27.07.2020 11:05:52,862	0	4,52907	0	
27.07.2020 11:05:53,126	0	4,52907	0	
27.07.2020 11:05:53,392	0	4,52907	0	
27.07.2020 11:05:53,664	0	4,52907	0	
27.07.2020 11:05:53,926	0	4,52907	0	
27.07.2020 11:05:54,180	0	4,52907	0	
27.07.2020 11:05:54,431	0	4,52907	0	
27.07.2020 11:05:54,686	0	4,52907	0	
27.07.2020 11:05:54,942	0	4,52907	0	
27.07.2020 11:05:55,210	0	4,52907	0	
27.07.2020 11:05:55,461	0	4,52907	0	
27.07.2020 11:05:55,735	0	4,52907	0	
27.07.2020 11:05:55,996	0	4,52907	0	
27.07.2020 11:05:56,264	0	4,52907	0	
27.07.2020 11:05:56,525	0	4,52907	0	
27.07.2020 11:05:56,778	0	4,52907	0	
27.07.2020 11:05:57,34	0,3065331	4,534655	0	
27.07.2020 11:05:57,297	0,8995055	4,545222	0	
27.07.2020 11:05:57,568	1,386466	4,554527	0	
27.07.2020 11:05:57,841	0,4178096	4,557767	0	
27.07.2020 11:05:58,101	0	4,558004	0	
27.07.2020 11:05:58,363	0	4,558004	0	
27.07.2020 11:05:58,635	0	4,558004	0	
27.07.2020 11:05:58,886	0	4,558004	0	
27.07.2020 11:05:59,139	0	4,558004	0	
27.07.2020 11:05:59,395	0	4,558004	0	
27.07.2020 11:05:59,652	0	4,558004	0	
27.07.2020 11:05:59,913	0	4,558004	0	
27.07.2020 11:06:00,174	0	4,558004	0	
27.07.2020 11:06:00,441	0	4,558004	0	
27.07.2020 11:06:00,703	0	4,558004	0	
27.07.2020 11:06:00,964	0	4,558004	0	
27.07.2020 11:06:01,237	0	4,558004	0	
27.07.2020 11:06:01,509	0	4,558004	0	
27.07.2020 11:06:01,782	0	4,558004	0	
27.07.2020 11:06:02,54	0	4,558004	0	
27.07.2020 11:06:02,311	0	4,558004	0	
27.07.2020 11:06:02,570	0	4,558004	0	
27.07.2020 11:06:02,824	0	4,558004	0	
27.07.2020 11:06:03,93	0	4,558004	0	
27.07.2020 11:06:03,353	0	4,558004	0	
27.07.2020 11:06:03,620	0	4,558004	0	
27.07.2020 11:06:03,885	0	4,558004	0	
27.07.2020 11:06:04,156	0	4,558004	0	
27.07.2020 11:06:04,410	0	4,558004	0	
27.07.2020 11:06:04,663	0	4,558004	0	
27.07.2020 11:06:04,922	0	4,558004	0	
27.07.2020 11:06:05,181	0	4,558004	0	
27.07.2020 11:06:05,443	0	4,558004	0	
27.07.2020 11:06:05,698	0	4,558004	0	
27.07.2020 11:06:05,957	0	4,558004	0	
27.07.2020 11:06:06,230	0	4,558004	0	
27.07.2020 11:06:06,501	0	4,558004	0	
27.07.2020 11:06:06,755	0	4,558004	0	
27.07.2020 11:06:07,22	0	4,558004	0	
27.07.2020 11:06:07,276	0,0905461	4,560406	0	
27.07.2020 11:06:07,529	0,668908	4,570552	0	
27.07.2020 11:06:07,802	1,246511	4,580719	0	
27.07.2020 11:06:08,60	0,745634	4,585834	0	
27.07.2020 11:06:08,316	0	4,586329	0	
27.07.2020 11:06:08,569	0	4,586329	0	
27.07.2020 11:06:08,822	0	4,586329	0	
27.07.2020 11:06:09,80	0	4,586329	0	
27.07.2020 11:06:09,344	0	4,586329	0	
27.07.2020 11:06:09,610	0	4,586329	0	
27.07.2020 11:06:09,870	0	4,586329	0	
27.07.2020 11:06:10,132	0	4,586329	0	
27.07.2020 11:06:10,398	0	4,586329	0	
27.07.2020 11:06:10,667	0	4,586329	0	
27.07.2020 11:06:10,938	0	4,586329	0	
27.07.2020 11:06:11,202	0	4,586329	0	
27.07.2020 11:06:11,474	0	4,586329	0	
27.07.2020 11:06:11,735	0	4,586329	0	
27.07.2020 11:06:11,996	0	4,586329	0	
27.07.2020 11:06:12,257	0	4,586329	0	
27.07.2020 11:06:12,527	0	4,586329	0	
27.07.2020 11:06:12,786	0	4,586329	0	
27.07.2020 11:06:13,38	0	4,586329	0	
27.07.2020 11:06:13,293	0	4,586329	0	
27.07.2020 11:06:13,553	0	4,586329	0	
27.07.2020 11:06:13,806	0	4,586329	0	
27.07.2020 11:06:14,69	0	4,586329	0	
27.07.2020 11:06:14,340	0	4,586329	0	
27.07.2020 11:06:14,591	0	4,586329	0	
27.07.2020 11:06:14,850	0	4,586329	0	
27.07.2020 11:06:15,102	0	4,586329	0	
27.07.2020 11:06:15,369	0	4,586329	0	
27.07.2020 11:06:15,623	0	4,586329	0	
27.07.2020 11:06:15,885	0	4,586329	0	
27.07.2020 11:06:16,153	0	4,586329	0	
27.07.2020 11:06:16,411	0	4,586329	0	
27.07.2020 11:06:16,678	0	4,586329	0	
27.07.2020 11:06:16,934	0	4,586329	0	
27.07.2020 11:06:17,191	0	4,586329	0	
27.07.2020 11:06:17,444	0	4,586329	0	
27.07.2020 11:06:17,701	0,3849771	4,593059	0	
27.07.2020 11:06:17,956	0,9709244	4,602917	0	
27.07.2020 11:06:18,217	1,43816	4,612441	0	
27.07.2020 11:06:18,482	0,3807729	4,614924	0	
27.07.2020 11:06:18,742	0	4,615194	0	
27.07.2020 11:06:19,8	0	4,615194	0	
27.07.2020 11:06:19,259	0	4,615194	0	
27.07.2020 11:06:19,539	0	4,615194	0	
27.07.2020 11:06:19,803	0	4,615194	0	
27.07.2020 11:06:20,54	0	4,615194	0	
27.07.2020 11:06:20,319	0	4,615194	0	
27.07.2020 11:06:20,586	0	4,615194	0	
27.07.2020 11:06:20,848	0	4,615194	0	
27.07.2020 11:06:21,109	0	4,615194	0	
27.07.2020 11:06:21,375	0	4,615194	0	
27.07.2020 11:06:21,631	0	4,615194	0	
27.07.2020 11:06:21,883	0	4,615194	0	
27.07.2020 11:06:22,133	0	4,615194	0	
