Zeit:	Istwert Durchfluss	Totalisator	Alarm Nr. 1	
				
27.07.2020 11:21:35,502	0,569109	0,05811267	0	
27.07.2020 11:21:35,766	0	0,05862501	0	
27.07.2020 11:21:36,23	0	0,05862501	0	
27.07.2020 11:21:36,285	0	0,05862501	0	
27.07.2020 11:21:36,555	0	0,05862501	0	
27.07.2020 11:21:36,824	0	0,05862501	0	
27.07.2020 11:21:37,84	0	0,05862501	0	
27.07.2020 11:21:37,338	0	0,05862501	0	
27.07.2020 11:21:37,593	0	0,05862501	0	
27.07.2020 11:21:37,848	0	0,05862501	0	
27.07.2020 11:21:38,103	0	0,05862501	0	
27.07.2020 11:21:38,361	0	0,05862501	0	
27.07.2020 11:21:38,631	0	0,05862501	0	
27.07.2020 11:21:38,905	0	0,05862501	0	
27.07.2020 11:21:39,174	0	0,05862501	0	
27.07.2020 11:21:39,430	0	0,05862501	0	
27.07.2020 11:21:39,681	0	0,05862501	0	
27.07.2020 11:21:39,944	0	0,05862501	0	
27.07.2020 11:21:40,213	0	0,05862501	0	
27.07.2020 11:21:40,477	0	0,05862501	0	
27.07.2020 11:21:40,742	0	0,05862501	0	
27.07.2020 11:21:41,0	0	0,05862501	0	
27.07.2020 11:21:41,271	0	0,05862501	0	
27.07.2020 11:21:41,521	0	0,05862501	0	
27.07.2020 11:21:41,778	0	0,05862501	0	
27.07.2020 11:21:42,38	0	0,05862501	0	
27.07.2020 11:21:42,289	0	0,05862501	0	
27.07.2020 11:21:42,562	0	0,05862501	0	
27.07.2020 11:21:42,832	0	0,05862501	0	
27.07.2020 11:21:43,93	0	0,05862501	0	
27.07.2020 11:21:43,348	0	0,05862501	0	
27.07.2020 11:21:43,603	0	0,05862501	0	
27.07.2020 11:21:43,857	0	0,05862501	0	
27.07.2020 11:21:44,117	0	0,05862501	0	
27.07.2020 11:21:44,375	0	0,05862501	0	
27.07.2020 11:21:44,632	0	0,05862501	0	
27.07.2020 11:21:44,901	0,009253397	0,06002019	0	
27.07.2020 11:21:45,152	0,6145218	0,06973944	0	
27.07.2020 11:21:45,411	1,163009	0,07882921	0	
27.07.2020 11:21:45,669	1,224821	0,08604921	0	
27.07.2020 11:21:45,939	0,1890155	0,08781602	0	
27.07.2020 11:21:46,200	0	0,08782744	0	
27.07.2020 11:21:46,456	0	0,08782744	0	
27.07.2020 11:21:46,724	0	0,08782744	0	
27.07.2020 11:21:46,989	0	0,08782744	0	
27.07.2020 11:21:47,259	0	0,08782744	0	
27.07.2020 11:21:47,518	0	0,08782744	0	
27.07.2020 11:21:47,775	0	0,08782744	0	
27.07.2020 11:21:48,29	0	0,08782744	0	
27.07.2020 11:21:48,280	0	0,08782744	0	
27.07.2020 11:21:48,534	0	0,08782744	0	
27.07.2020 11:21:48,788	0	0,08782744	0	
27.07.2020 11:21:49,45	0	0,08782744	0	
27.07.2020 11:21:49,305	0	0,08782744	0	
27.07.2020 11:21:49,563	0	0,08782744	0	
27.07.2020 11:21:49,826	0	0,08782744	0	
27.07.2020 11:21:50,90	0	0,08782744	0	
27.07.2020 11:21:50,389	0	0,08782744	0	
27.07.2020 11:21:50,644	0	0,08782744	0	
27.07.2020 11:21:50,910	0	0,08782744	0	
27.07.2020 11:21:51,175	0	0,08782744	0	
27.07.2020 11:21:51,429	0	0,08782744	0	
27.07.2020 11:21:51,687	0	0,08782744	0	
27.07.2020 11:21:51,950	0	0,08782744	0	
27.07.2020 11:21:52,212	0	0,08782744	0	
27.07.2020 11:21:52,468	0	0,08782744	0	
27.07.2020 11:21:52,738	0	0,08782744	0	
27.07.2020 11:21:52,997	0	0,08782744	0	
27.07.2020 11:21:53,265	0	0,08782744	0	
27.07.2020 11:21:53,537	0	0,08782744	0	
27.07.2020 11:21:53,806	0	0,08782744	0	
27.07.2020 11:21:54,78	0	0,08782744	0	
27.07.2020 11:21:54,331	0	0,08782744	0	
27.07.2020 11:21:54,592	0	0,08782744	0	
27.07.2020 11:21:54,862	0	0,08782744	0	
27.07.2020 11:21:55,122	0	0,08784099	0	
27.07.2020 11:21:55,391	0,4665474	0,09557552	0	
27.07.2020 11:21:55,657	1,046976	0,1057784	0	
27.07.2020 11:21:55,916	1,50244	0,1142264	0	
27.07.2020 11:21:56,189	0,3721225	0,1169331	0	
27.07.2020 11:21:56,458	0	0,1172006	0	
27.07.2020 11:21:56,713	0	0,1172006	0	
27.07.2020 11:21:56,985	0	0,1172006	0	
27.07.2020 11:21:57,255	0	0,1172006	0	
27.07.2020 11:21:57,509	0	0,1172006	0	
27.07.2020 11:21:57,771	0	0,1172006	0	
27.07.2020 11:21:58,32	0	0,1172006	0	
27.07.2020 11:21:58,292	0	0,1172006	0	
27.07.2020 11:21:58,565	0	0,1172006	0	
27.07.2020 11:21:58,821	0	0,1172006	0	
27.07.2020 11:21:59,75	0	0,1172006	0	
27.07.2020 11:21:59,327	0	0,1172006	0	
27.07.2020 11:21:59,598	0	0,1172006	0	
27.07.2020 11:21:59,858	0	0,1172006	0	
27.07.2020 11:22:00,113	0	0,1172006	0	
27.07.2020 11:22:00,375	0	0,1172006	0	
27.07.2020 11:22:00,632	0	0,1172006	0	
27.07.2020 11:22:00,897	0	0,1172006	0	
27.07.2020 11:22:01,168	0	0,1172006	0	
27.07.2020 11:22:01,441	0	0,1172006	0	
27.07.2020 11:22:01,704	0	0,1172006	0	
27.07.2020 11:22:01,966	0	0,1172006	0	
27.07.2020 11:22:02,218	0	0,1172006	0	
27.07.2020 11:22:02,491	0	0,1172006	0	
27.07.2020 11:22:02,766	0	0,1172006	0	
27.07.2020 11:22:03,28	0	0,1172006	0	
27.07.2020 11:22:03,290	0	0,1172006	0	
27.07.2020 11:22:03,549	0	0,1172006	0	
27.07.2020 11:22:03,813	0	0,1172006	0	
27.07.2020 11:22:04,77	0	0,1172006	0	
27.07.2020 11:22:04,347	0	0,1172006	0	
27.07.2020 11:22:04,598	0	0,1172006	0	
27.07.2020 11:22:04,865	0	0,1172006	0	
27.07.2020 11:22:05,117	0	0,1172006	0	
27.07.2020 11:22:05,386	0	0,1172006	0	
27.07.2020 11:22:05,656	0,38806	0,1244783	0	
27.07.2020 11:22:05,916	0,9725446	0,1331771	0	
27.07.2020 11:22:06,177	1,438614	0,1428916	0	
27.07.2020 11:22:06,435	0,56208	0,1463218	0	
27.07.2020 11:22:06,686	0,04178978	0,1468473	0	
27.07.2020 11:22:06,955	0	0,1468473	0	
27.07.2020 11:22:07,218	0	0,1468473	0	
27.07.2020 11:22:07,478	0	0,1468473	0	
27.07.2020 11:22:07,748	0	0,1468473	0	
27.07.2020 11:22:08,7	0	0,1468473	0	
27.07.2020 11:22:08,258	0	0,1468473	0	
27.07.2020 11:22:08,523	0	0,1468473	0	
27.07.2020 11:22:08,784	0	0,1468473	0	
27.07.2020 11:22:09,46	0	0,1468473	0	
27.07.2020 11:22:09,302	0	0,1468473	0	
27.07.2020 11:22:09,573	0	0,1468473	0	
27.07.2020 11:22:09,831	0	0,1468473	0	
27.07.2020 11:22:10,99	0	0,1468473	0	
27.07.2020 11:22:10,350	0	0,1468473	0	
27.07.2020 11:22:10,608	0	0,1468473	0	
27.07.2020 11:22:10,861	0	0,1468473	0	
27.07.2020 11:22:11,114	0	0,1468473	0	
27.07.2020 11:22:11,384	0	0,1468473	0	
27.07.2020 11:22:11,639	0	0,1468473	0	
27.07.2020 11:22:11,895	0	0,1468473	0	
27.07.2020 11:22:12,152	0	0,1468473	0	
27.07.2020 11:22:12,403	0	0,1468473	0	
27.07.2020 11:22:12,658	0	0,1468473	0	
27.07.2020 11:22:12,919	0	0,1468473	0	
27.07.2020 11:22:13,180	0	0,1468473	0	
27.07.2020 11:22:13,433	0	0,1468473	0	
27.07.2020 11:22:13,687	0	0,1468473	0	
27.07.2020 11:22:13,956	0	0,1468473	0	
27.07.2020 11:22:14,224	0	0,1468473	0	
27.07.2020 11:22:14,508	0	0,1468473	0	
27.07.2020 11:22:14,778	0	0,1468473	0	
27.07.2020 11:22:15,30	0	0,1468473	0	
27.07.2020 11:22:15,300	0	0,1468473	0	
27.07.2020 11:22:15,551	0	0,1468473	0	
27.07.2020 11:22:15,806	0,1133596	0,150058	0	
27.07.2020 11:22:16,72	0,7880321	0,1595425	0	
27.07.2020 11:22:16,341	1,305077	0,1699416	0	
27.07.2020 11:22:16,603	0,9381374	0,1754469	0	
27.07.2020 11:22:16,861	0,1500797	0,1766918	0	
27.07.2020 11:22:17,113	0	0,1767005	0	
27.07.2020 11:22:17,370	0	0,1767005	0	
27.07.2020 11:22:17,642	0	0,1767005	0	
27.07.2020 11:22:17,896	0	0,1767005	0	
27.07.2020 11:22:18,162	0	0,1767005	0	
27.07.2020 11:22:18,417	0	0,1767005	0	
27.07.2020 11:22:18,677	0	0,1767005	0	
27.07.2020 11:22:18,935	0	0,1767005	0	
27.07.2020 11:22:19,188	0	0,1767005	0	
27.07.2020 11:22:19,441	0	0,1767005	0	
27.07.2020 11:22:19,698	0	0,1767005	0	
27.07.2020 11:22:19,963	0	0,1767005	0	
27.07.2020 11:22:20,235	0	0,1767005	0	
27.07.2020 11:22:20,540	0	0,1767005	0	
27.07.2020 11:22:20,800	0	0,1767005	0	
27.07.2020 11:22:21,73	0	0,1767005	0	
27.07.2020 11:22:21,337	0	0,1767005	0	
27.07.2020 11:22:21,609	0	0,1767005	0	
27.07.2020 11:22:21,867	0,04199831	0,1775312	0	
27.07.2020 11:22:22,138	0,1826226	0,1792271	0	
27.07.2020 11:22:22,389	0,244242	0,1803628	0	
27.07.2020 11:22:22,641	0,2301469	0,181319	0	
27.07.2020 11:22:22,905	0,1627006	0,1820464	0	
27.07.2020 11:22:23,168	0,151589	0,1826167	0	
27.07.2020 11:22:23,422	0,1371796	0,1831296	0	
27.07.2020 11:22:23,676	0,1221589	0,183634	0	
27.07.2020 11:22:23,943	0,1211962	0,1841718	0	
27.07.2020 11:22:24,198	0,1256427	0,1847551	0	
27.07.2020 11:22:24,450	0,1335884	0,1853178	0	
27.07.2020 11:22:24,712	0,1430096	0,1859979	0	
27.07.2020 11:22:24,966	0,1447975	0,1865886	0	
27.07.2020 11:22:25,237	0,1452808	0,1872222	0	
27.07.2020 11:22:25,508	0,1453671	0,1879013	0	
27.07.2020 11:22:25,772	0,1447352	0,1885679	0	
27.07.2020 11:22:26,26	0,2103618	0,1908805	0	
27.07.2020 11:22:26,284	0,8160506	0,1984522	0	
27.07.2020 11:22:26,570	1,42049	0,2070098	0	
27.07.2020 11:22:26,822	1,618802	0,2150003	0	
27.07.2020 11:22:27,74	1,471106	0,2192965	0	
27.07.2020 11:22:27,335	0,9980184	0,2211621	0	
27.07.2020 11:22:27,589	0	0,2213524	0	
27.07.2020 11:22:27,848	0	0,2213524	0	
27.07.2020 11:22:28,103	0	0,2213524	0	
27.07.2020 11:22:28,354	0	0,2213524	0	
27.07.2020 11:22:28,608	0	0,2213524	0	
27.07.2020 11:22:28,873	0	0,2213524	0	
27.07.2020 11:22:29,129	0	0,2213524	0	
27.07.2020 11:22:29,394	0	0,2213524	0	
27.07.2020 11:22:29,650	0,07895042	0,2227398	0	
27.07.2020 11:22:29,907	0,2444959	0,2245444	0	
27.07.2020 11:22:30,162	0,3390646	0,2262897	0	
27.07.2020 11:22:30,429	0,3509486	0,2278711	0	
27.07.2020 11:22:30,691	0,3245269	0,2289915	0	
27.07.2020 11:22:30,942	0,2820343	0,2300498	0	
27.07.2020 11:22:31,214	0,2260763	0,2311151	0	
27.07.2020 11:22:31,486	0,2255623	0,2321036	0	
27.07.2020 11:22:31,744	0,2289946	0,2331362	0	
27.07.2020 11:22:32,2	0,2356045	0,2342119	0	
27.07.2020 11:22:32,255	0,2474617	0,235338	0	
27.07.2020 11:22:32,519	0,2612466	0,2364974	0	
27.07.2020 11:22:32,785	0,2638783	0,2376621	0	
27.07.2020 11:22:33,39	0,2659766	0,2388328	0	
27.07.2020 11:22:33,300	0,2672735	0,2400014	0	
27.07.2020 11:22:33,555	0,2677074	0,2410755	0	
27.07.2020 11:22:33,825	0,2684318	0,2423318	0	
27.07.2020 11:22:34,90	0,2685533	0,2435889	0	
27.07.2020 11:22:34,345	0,2700508	0,2446851	0	
27.07.2020 11:22:34,609	0,271321	0,2458713	0	
27.07.2020 11:22:34,862	0,2722954	0,2470632	0	
27.07.2020 11:22:35,134	0,2743965	0,2482677	0	
27.07.2020 11:22:35,385	0,2754117	0,249469	0	
27.07.2020 11:22:35,646	0,2764801	0,2506782	0	
27.07.2020 11:22:35,898	0,2770654	0,2518816	0	
27.07.2020 11:22:36,153	0,2770166	0,253124	0	
27.07.2020 11:22:36,412	0,5480246	0,2578759	0	
27.07.2020 11:22:36,678	1,103014	0,2663985	0	
27.07.2020 11:22:36,930	1,528622	0,2745443	0	
27.07.2020 11:22:37,193	1,599021	0,2822115	0	
27.07.2020 11:22:37,462	1,47523	0,287526	0	
27.07.2020 11:22:37,731	0,9788072	0,2893226	0	
27.07.2020 11:22:37,985	0	0,2895074	0	
27.07.2020 11:22:38,238	0	0,2895074	0	
27.07.2020 11:22:38,497	0	0,2895074	0	
27.07.2020 11:22:38,757	0	0,2895074	0	
27.07.2020 11:22:39,10	0	0,2895074	0	
27.07.2020 11:22:39,263	0	0,2895074	0	
27.07.2020 11:22:39,519	0	0,2895074	0	
27.07.2020 11:22:39,769	0,04715128	0,2904803	0	
27.07.2020 11:22:40,41	0,2383146	0,2927888	0	
27.07.2020 11:22:40,305	0,3678851	0,294773	0	
27.07.2020 11:22:40,561	0,4386467	0,2966992	0	
27.07.2020 11:22:40,825	0,4358808	0,2985585	0	
27.07.2020 11:22:41,84	0,4323641	0,3004039	0	
27.07.2020 11:22:41,342	0,429877	0,3022484	0	
27.07.2020 11:22:41,598	0,4291558	0,3041062	0	
27.07.2020 11:22:41,849	0,4309463	0,3058475	0	
27.07.2020 11:22:42,121	0,4331121	0,3078899	0	
27.07.2020 11:22:42,380	0,4365923	0,3098157	0	
27.07.2020 11:22:42,639	0,4401553	0,311756	0	
27.07.2020 11:22:42,911	0,4431863	0,3137029	0	
27.07.2020 11:22:43,168	0,4464527	0,3156673	0	
27.07.2020 11:22:43,420	0,4486345	0,3176312	0	
27.07.2020 11:22:43,677	0,4509068	0,3196057	0	
27.07.2020 11:22:43,951	0,453572	0,3215927	0	
27.07.2020 11:22:44,207	0,4550866	0,3235806	0	
27.07.2020 11:22:44,469	0,4574584	0,3255849	0	
27.07.2020 11:22:44,739	0,4596003	0,3277493	0	
27.07.2020 11:22:44,991	0,4617536	0,3297701	0	
27.07.2020 11:22:45,260	0,4640413	0,331801	0	
27.07.2020 11:22:45,527	0,4659157	0,3338376	0	
27.07.2020 11:22:45,796	0,4685896	0,3360515	0	
27.07.2020 11:22:46,47	0,4709467	0,3381138	0	
27.07.2020 11:22:46,317	0,4737634	0,3401934	0	
27.07.2020 11:22:46,575	0,5008287	0,3432246	0	
27.07.2020 11:22:46,826	0,9025407	0,3502573	0	
27.07.2020 11:22:47,88	1,35039	0,3582937	0	
27.07.2020 11:22:47,354	1,595896	0,3672275	0	
27.07.2020 11:22:47,619	1,604047	0,3757462	0	
27.07.2020 11:22:47,869	1,544924	0,3816431	0	
27.07.2020 11:22:48,138	1,16812	0,3840894	0	
27.07.2020 11:22:48,404	0,6005968	0,3849874	0	
27.07.2020 11:22:48,655	0,07744843	0,3853374	0	
27.07.2020 11:22:48,910	0,0736554	0,3856866	0	
27.07.2020 11:22:49,167	0,1225231	0,3865596	0	
27.07.2020 11:22:49,435	0,2522278	0,3881628	0	
27.07.2020 11:22:49,694	0,4536912	0,3900885	0	
27.07.2020 11:22:49,955	0,4765604	0,3920738	0	
27.07.2020 11:22:50,205	0,4915369	0,3943106	0	
27.07.2020 11:22:50,459	0,5051239	0,396561	0	
27.07.2020 11:22:50,717	0,5071067	0,3987632	0	
27.07.2020 11:22:50,975	0,5046896	0,400924	0	
27.07.2020 11:22:51,241	0,5016363	0,4030679	0	
27.07.2020 11:22:51,495	0,4988548	0,4052047	0	
27.07.2020 11:22:51,752	0,4986295	0,4073719	0	
27.07.2020 11:22:52,6	0,5007234	0,4094044	0	
27.07.2020 11:22:52,261	0,514792	0,4118147	0	
27.07.2020 11:22:52,513	0,5710074	0,4146458	0	
27.07.2020 11:22:52,764	0,6732187	0,4176106	0	
27.07.2020 11:22:53,18	0,8161918	0,421109	0	
27.07.2020 11:22:53,286	0,8250861	0,4247799	0	
27.07.2020 11:22:53,556	0,8365119	0,4287899	0	
27.07.2020 11:22:53,809	0,8445063	0,4325143	0	
27.07.2020 11:22:54,73	0,8472239	0,4359151	0	
27.07.2020 11:22:54,325	0,8458908	0,4395645	0	
27.07.2020 11:22:54,596	0,8444372	0,4434906	0	
27.07.2020 11:22:54,860	0,8429427	0,4471352	0	
27.07.2020 11:22:55,127	0,8437896	0,450803	0	
27.07.2020 11:22:55,399	0,8459125	0,4547733	0	
27.07.2020 11:22:55,669	0,8499325	0,4584923	0	
27.07.2020 11:22:55,928	0,8547853	0,4622389	0	
27.07.2020 11:22:56,195	0,8593244	0,4662966	0	
27.07.2020 11:22:56,465	0,8646873	0,4700949	0	
27.07.2020 11:22:56,727	0,8698484	0,4742091	0	
27.07.2020 11:22:56,999	1,024915	0,4806151	0	
27.07.2020 11:22:57,273	1,325646	0,4891137	0	
27.07.2020 11:22:57,534	1,549906	0,4972601	0	
27.07.2020 11:22:57,804	1,602183	0,5056723	0	
27.07.2020 11:22:58,68	1,608577	0,5143395	0	
27.07.2020 11:22:58,336	1,61244	0,5232657	0	
27.07.2020 11:22:58,594	1,614996	0,5318208	0	
27.07.2020 11:22:58,863	1,401995	0,5361856	0	
27.07.2020 11:22:59,125	0,9831221	0,5385245	0	
27.07.2020 11:22:59,380	0,5481729	0,5404189	0	
27.07.2020 11:22:59,638	0,4839709	0,542591	0	
27.07.2020 11:22:59,910	0,5449028	0,5453699	0	
27.07.2020 11:23:00,174	0,6800162	0,5487419	0	
27.07.2020 11:23:00,428	0,8929083	0,5525568	0	
27.07.2020 11:23:00,679	0,9190254	0,5566121	0	
27.07.2020 11:23:00,937	0,9315645	0,5607681	0	
27.07.2020 11:23:01,193	0,9427121	0,5646244	0	
27.07.2020 11:23:01,448	0,9481778	0,5687764	0	
27.07.2020 11:23:01,717	0,9500614	0,573225	0	
27.07.2020 11:23:01,978	0,9510329	0,5773557	0	
27.07.2020 11:23:02,233	0,9521424	0,5811782	0	
27.07.2020 11:23:02,496	0,9558045	0,5856789	0	
27.07.2020 11:23:02,759	0,9607623	0,5898888	0	
27.07.2020 11:23:03,11	0,9670228	0,5938114	0	
27.07.2020 11:23:03,280	0,9741664	0,5984277	0	
27.07.2020 11:23:03,547	0,981108	0,6030725	0	
27.07.2020 11:23:03,811	0,9882697	0,6070888	0	
27.07.2020 11:23:04,64	0,9939723	0,6114476	0	
27.07.2020 11:23:04,335	0,9996173	0,6161641	0	
27.07.2020 11:23:04,609	1,005221	0,6205659	0	
27.07.2020 11:23:04,875	1,009565	0,6253232	0	
27.07.2020 11:23:05,126	1,01439	0,6297643	0	
27.07.2020 11:23:05,394	1,018567	0,6338702	0	
27.07.2020 11:23:05,667	1,023118	0,6386861	0	
27.07.2020 11:23:05,928	1,02747	0,6435195	0	
27.07.2020 11:23:06,190	1,030293	0,6476664	0	
27.07.2020 11:23:06,444	1,03354	0,6521806	0	
27.07.2020 11:23:06,704	1,037039	0,6567042	0	
27.07.2020 11:23:06,977	1,040214	0,6615877	0	
27.07.2020 11:23:07,238	1,110799	0,6675543	0	
27.07.2020 11:23:07,504	1,328777	0,6752605	0	
27.07.2020 11:23:07,774	1,523543	0,6832636	0	
27.07.2020 11:23:08,46	1,588692	0,6921743	0	
27.07.2020 11:23:08,306	1,599279	0,7006916	0	
27.07.2020 11:23:08,570	1,606715	0,7094854	0	
27.07.2020 11:23:08,840	1,611207	0,719219	0	
27.07.2020 11:23:09,97	1,614181	0,7284667	0	
27.07.2020 11:23:09,351	1,533313	0,7338247	0	
27.07.2020 11:23:09,619	1,209444	0,7373089	0	
27.07.2020 11:23:09,877	0,8311688	0,7398942	0	
27.07.2020 11:23:10,134	0,634725	0,7425976	0	
27.07.2020 11:23:10,396	0,6511509	0,7455699	0	
27.07.2020 11:23:10,661	0,683993	0,7487518	0	
27.07.2020 11:23:10,920	0,7338733	0,7520781	0	
27.07.2020 11:23:11,174	0,767443	0,7552299	0	
27.07.2020 11:23:11,447	0,7774346	0,7589429	0	
27.07.2020 11:23:11,711	0,7856899	0,7626866	0	
27.07.2020 11:23:11,962	0,7914659	0,765904	0	
27.07.2020 11:23:12,220	0,7961506	0,7693977	0	
27.07.2020 11:23:12,474	0,8005213	0,7729089	0	
27.07.2020 11:23:12,729	0,8045244	0,7764301	0	
27.07.2020 11:23:12,992	0,8087965	0,7797009	0	
27.07.2020 11:23:13,249	0,8132562	0,7832642	0	
27.07.2020 11:23:13,518	0,8164593	0,7871038	0	
27.07.2020 11:23:13,770	0,8196352	0,7906873	0	
27.07.2020 11:23:14,21	0,8219253	0,7939945	0	
27.07.2020 11:23:14,279	0,8239195	0,7975855	0	
27.07.2020 11:23:14,533	0,8264295	0,8011846	0	
27.07.2020 11:23:14,821	0,8276393	0,8050528	0	
27.07.2020 11:23:15,92	0,8291082	0,808942	0	
27.07.2020 11:23:15,346	0,8307191	0,8125541	0	
27.07.2020 11:23:15,614	0,8308263	0,8158782	0	
27.07.2020 11:23:15,881	0,8313899	0,8197596	0	
27.07.2020 11:23:16,145	0,8310996	0,8236346	0	
27.07.2020 11:23:16,403	0,8316078	0,8269683	0	
27.07.2020 11:23:16,673	0,8321366	0,8308582	0	
27.07.2020 11:23:16,936	0,8326169	0,8344702	0	
27.07.2020 11:23:17,195	0,8330435	0,8378032	0	
27.07.2020 11:23:17,464	0,8409969	0,8421606	0	
27.07.2020 11:23:17,717	1,117475	0,8496672	0	
27.07.2020 11:23:17,970	1,391602	0,8569695	0	
27.07.2020 11:23:18,241	1,590036	0,8657333	0	
27.07.2020 11:23:18,494	1,603623	0,8741288	0	
27.07.2020 11:23:18,769	1,6095	0,8827494	0	
27.07.2020 11:23:19,27	1,613051	0,8915749	0	
27.07.2020 11:23:19,285	1,542889	0,8974137	0	
27.07.2020 11:23:19,538	1,183896	0,9002029	0	
27.07.2020 11:23:19,810	0,657793	0,901913	0	
27.07.2020 11:23:20,63	0,3620285	0,9034569	0	
27.07.2020 11:23:20,323	0,3918109	0,9054015	0	
27.07.2020 11:23:20,591	0,4844912	0,9079407	0	
27.07.2020 11:23:20,866	0,6522574	0,9112278	0	
27.07.2020 11:23:21,134	0,777172	0,914888	0	
27.07.2020 11:23:21,396	0,7889919	0,9181472	0	
27.07.2020 11:23:21,655	0,7998874	0,9219787	0	
27.07.2020 11:23:21,914	0,8057186	0,9255081	0	
27.07.2020 11:23:22,173	0,8055027	0,9287211	0	
27.07.2020 11:23:22,432	0,8029828	0,9321793	0	
27.07.2020 11:23:22,700	0,800092	0,9358861	0	
27.07.2020 11:23:22,965	0,7982179	0,9393329	0	
27.07.2020 11:23:23,227	0,7987615	0,9427982	0	
27.07.2020 11:23:23,485	0,7999173	0,9462757	0	
27.07.2020 11:23:23,742	0,8020201	0,9497727	0	
27.07.2020 11:23:24,6	0,8038267	0,953266	0	
27.07.2020 11:23:24,260	0,7933294	0,9565526	0	
27.07.2020 11:23:24,528	0,7399763	0,959612	0	
27.07.2020 11:23:24,797	0,6326547	0,9618416	0	
27.07.2020 11:23:25,61	0,4899977	0,9641558	0	
27.07.2020 11:23:25,313	0,4783449	0,966186	0	
27.07.2020 11:23:25,583	0,4745031	0,96822	0	
27.07.2020 11:23:25,844	0,4775635	0,9703321	0	
27.07.2020 11:23:26,97	0,4856258	0,9725178	0	
27.07.2020 11:23:26,364	0,4972573	0,9749437	0	
27.07.2020 11:23:26,636	0,5112911	0,9772413	0	
27.07.2020 11:23:26,897	0,5181134	0,9795494	0	
27.07.2020 11:23:27,167	0,5241538	0,9818673	0	
27.07.2020 11:23:27,427	0,5268815	0,984171	0	
27.07.2020 11:23:27,696	0,5290146	0,9867333	0	
27.07.2020 11:23:27,949	0,8017574	0,9930855	0	
27.07.2020 11:23:28,201	1,195028	1,000309	0	
27.07.2020 11:23:28,456	1,532814	1,008355	0	
27.07.2020 11:23:28,724	1,601699	1,016624	0	
27.07.2020 11:23:28,977	1,607888	1,024962	0	
27.07.2020 11:23:29,250	1,452051	1,029705	0	
27.07.2020 11:23:29,522	0,9987295	1,031837	0	
27.07.2020 11:23:29,784	0,4106888	1,03259	0	
27.07.2020 11:23:30,38	0,1033021	1,033048	0	
27.07.2020 11:23:30,296	0,1216232	1,03378	0	
27.07.2020 11:23:30,553	0,200699	1,035106	0	
27.07.2020 11:23:30,804	0,344526	1,036784	0	
27.07.2020 11:23:31,60	0,4989086	1,038921	0	
27.07.2020 11:23:31,315	0,5081943	1,041219	0	
27.07.2020 11:23:31,580	0,51965	1,043555	0	
27.07.2020 11:23:31,845	0,5256814	1,045878	0	
27.07.2020 11:23:32,115	0,5256058	1,048316	0	
27.07.2020 11:23:32,376	0,5220849	1,050544	0	
27.07.2020 11:23:32,634	0,5186138	1,052591	0	
27.07.2020 11:23:32,888	0,5159347	1,054979	0	
27.07.2020 11:23:33,148	0,5157893	1,057042	0	
27.07.2020 11:23:33,416	0,5162199	1,059458	0	
27.07.2020 11:23:33,677	0,5176679	1,061715	0	
27.07.2020 11:23:33,931	0,5196751	1,06381	0	
27.07.2020 11:23:34,193	0,5209735	1,066255	0	
27.07.2020 11:23:34,453	0,522261	1,068355	0	
27.07.2020 11:23:34,707	0,5235097	1,070636	0	
27.07.2020 11:23:34,980	0,5248947	1,073099	0	
27.07.2020 11:23:35,245	0,5264017	1,075389	0	
27.07.2020 11:23:35,513	0,5265895	1,077848	0	
27.07.2020 11:23:35,780	0,5273275	1,080141	0	
27.07.2020 11:23:36,44	0,5276719	1,082431	0	
27.07.2020 11:23:36,309	0,5276582	1,084718	0	
27.07.2020 11:23:36,574	0,5283612	1,087188	0	
27.07.2020 11:23:36,840	0,5281308	1,089471	0	
27.07.2020 11:23:37,100	0,528053	1,091761	0	
27.07.2020 11:23:37,364	0,5279228	1,094047	0	
27.07.2020 11:23:37,616	0,5276352	1,096334	0	
27.07.2020 11:23:37,889	0,5282078	1,098624	0	
27.07.2020 11:23:38,160	0,616484	1,103078	0	
27.07.2020 11:23:38,417	1,066826	1,110119	0	
27.07.2020 11:23:38,680	1,440699	1,118633	0	
27.07.2020 11:23:38,962	1,599715	1,127391	0	
27.07.2020 11:23:39,223	1,606575	1,135753	0	
27.07.2020 11:23:39,486	1,513003	1,141385	0	
27.07.2020 11:23:39,737	1,151398	1,143845	0	
27.07.2020 11:23:39,989	0,5893934	1,144777	0	
27.07.2020 11:23:40,245	0,1081932	1,145266	0	
27.07.2020 11:23:40,507	0,114222	1,145837	0	
27.07.2020 11:23:40,772	0,1674467	1,14702	0	
27.07.2020 11:23:41,29	0,2968191	1,148549	0	
27.07.2020 11:23:41,301	0,4806055	1,150746	0	
27.07.2020 11:23:41,562	0,497307	1,152992	0	
27.07.2020 11:23:41,828	0,5114977	1,155307	0	
27.07.2020 11:23:42,81	0,5173625	1,157576	0	
27.07.2020 11:23:42,336	0,5089327	1,159668	0	
27.07.2020 11:23:42,605	0,4779671	1,161516	0	
27.07.2020 11:23:42,868	0,4165673	1,163169	0	
27.07.2020 11:23:43,121	0,3653598	1,164732	0	
27.07.2020 11:23:43,374	0,3612523	1,166271	0	
27.07.2020 11:23:43,645	0,3603222	1,16783	0	
27.07.2020 11:23:43,901	0,3632463	1,169437	0	
27.07.2020 11:23:44,159	0,3688415	1,171091	0	
27.07.2020 11:23:44,412	0,3758073	1,172786	0	
27.07.2020 11:23:44,666	0,3820886	1,174367	0	
27.07.2020 11:23:44,926	0,387292	1,176224	0	
27.07.2020 11:23:45,177	0,3908829	1,17782	0	
27.07.2020 11:23:45,441	0,3930385	1,17954	0	
27.07.2020 11:23:45,692	0,3950318	1,181135	0	
27.07.2020 11:23:45,957	0,3964943	1,182998	0	
27.07.2020 11:23:46,218	0,397171	1,184728	0	
27.07.2020 11:23:46,488	0,3988416	1,186471	0	
27.07.2020 11:23:46,745	0,399601	1,188208	0	
27.07.2020 11:23:47,10	0,4003223	1,190082	0	
27.07.2020 11:23:47,273	0,4008775	1,191688	0	
27.07.2020 11:23:47,543	0,4003395	1,193553	0	
27.07.2020 11:23:47,810	0,4008133	1,195432	0	
27.07.2020 11:23:48,61	0,4011678	1,197038	0	
27.07.2020 11:23:48,313	0,4023485	1,198708	0	
27.07.2020 11:23:48,566	0,677884	1,204526	0	
27.07.2020 11:23:48,831	1,198096	1,212852	0	
27.07.2020 11:23:49,101	1,555753	1,220806	0	
27.07.2020 11:23:49,352	1,602139	1,228348	0	
27.07.2020 11:23:49,616	1,557888	1,235138	0	
27.07.2020 11:23:49,877	1,197358	1,237771	0	
27.07.2020 11:23:50,140	0,6066973	1,238606	0	
27.07.2020 11:23:50,412	0	1,238702	0	
27.07.2020 11:23:50,666	0	1,238702	0	
27.07.2020 11:23:50,918	0	1,238702	0	
27.07.2020 11:23:51,187	0	1,238702	0	
27.07.2020 11:23:51,440	0,07317615	1,240146	0	
27.07.2020 11:23:51,713	0,2972143	1,24257	0	
27.07.2020 11:23:51,984	0,4433413	1,245041	0	
27.07.2020 11:23:52,242	0,4710018	1,247057	0	
27.07.2020 11:23:52,510	0,4460389	1,248801	0	
27.07.2020 11:23:52,780	0,4034764	1,250495	0	
27.07.2020 11:23:53,39	0,355834	1,251994	0	
27.07.2020 11:23:53,297	0,3503223	1,253514	0	
27.07.2020 11:23:53,569	0,3536251	1,25508	0	
27.07.2020 11:23:53,830	0,3596546	1,256824	0	
27.07.2020 11:23:54,89	0,3677694	1,258358	0	
27.07.2020 11:23:54,357	0,3743586	1,260165	0	
27.07.2020 11:23:54,615	0,3801374	1,261867	0	
27.07.2020 11:23:54,873	0,3846391	1,263572	0	
27.07.2020 11:23:55,139	0,3872608	1,265275	0	
27.07.2020 11:23:55,392	0,3894262	1,26698	0	
27.07.2020 11:23:55,656	0,3906215	1,268682	0	
27.07.2020 11:23:55,929	0,391772	1,270388	0	
27.07.2020 11:23:56,198	0,392776	1,27223	0	
27.07.2020 11:23:56,465	0,393178	1,273942	0	
27.07.2020 11:23:56,716	0,3941099	1,275526	0	
27.07.2020 11:23:56,982	0,3945096	1,277493	0	
27.07.2020 11:23:57,241	0,3894535	1,27898	0	
27.07.2020 11:23:57,493	0,3681509	1,280292	0	
27.07.2020 11:23:57,765	0,3206114	1,281592	0	
27.07.2020 11:23:58,16	0,2495451	1,282661	0	
27.07.2020 11:23:58,288	0,2362664	1,283663	0	
27.07.2020 11:23:58,551	0,2341514	1,284664	0	
27.07.2020 11:23:58,817	0,4260332	1,28913	0	
27.07.2020 11:23:59,73	1,00579	1,296996	0	
27.07.2020 11:23:59,345	1,473739	1,305116	0	
27.07.2020 11:23:59,602	1,597101	1,313418	0	
27.07.2020 11:23:59,865	1,488479	1,318601	0	
27.07.2020 11:24:00,119	1,034237	1,320124	0	
27.07.2020 11:24:00,388	0	1,320348	0	
27.07.2020 11:24:00,651	0	1,320348	0	
27.07.2020 11:24:00,907	0	1,320348	0	
27.07.2020 11:24:01,167	0	1,320348	0	
27.07.2020 11:24:01,418	0	1,320348	0	
27.07.2020 11:24:01,687	0	1,320348	0	
27.07.2020 11:24:01,941	0	1,320348	0	
27.07.2020 11:24:02,200	0	1,320348	0	
27.07.2020 11:24:02,455	0,05109625	1,321557	0	
27.07.2020 11:24:02,713	0,2383001	1,323486	0	
27.07.2020 11:24:02,976	0,3484097	1,325455	0	
27.07.2020 11:24:03,238	0,3582897	1,326941	0	
27.07.2020 11:24:03,496	0,3304281	1,328151	0	
27.07.2020 11:24:03,749	0,2794846	1,329105	0	
27.07.2020 11:24:04,15	0,2192079	1,330131	0	
27.07.2020 11:24:04,283	0,2190776	1,331088	0	
27.07.2020 11:24:04,534	0,2219512	1,332083	0	
27.07.2020 11:24:04,803	0,2293313	1,333137	0	
27.07.2020 11:24:05,68	0,242986	1,334321	0	
27.07.2020 11:24:05,321	0,2488594	1,335355	0	
27.07.2020 11:24:05,574	0,2526711	1,336397	0	
27.07.2020 11:24:05,845	0,2549096	1,337607	0	
27.07.2020 11:24:06,103	0,2550222	1,338699	0	
27.07.2020 11:24:06,369	0,2415534	1,339624	0	
27.07.2020 11:24:06,642	0,2004166	1,340345	0	
27.07.2020 11:24:06,894	0,1294501	1,340826	0	
27.07.2020 11:24:07,158	0,07795555	1,34116	0	
27.07.2020 11:24:07,409	0,07650811	1,341479	0	
27.07.2020 11:24:07,677	0,07628619	1,341839	0	
27.07.2020 11:24:07,937	0,08028735	1,342223	0	
27.07.2020 11:24:08,196	0,09193535	1,342636	0	
27.07.2020 11:24:08,461	0,10981	1,343162	0	
27.07.2020 11:24:08,715	0,113418	1,343667	0	
27.07.2020 11:24:08,977	0,1221179	1,344394	0	
27.07.2020 11:24:09,232	0,6129146	1,350556	0	
27.07.2020 11:24:09,500	1,221635	1,358964	0	
27.07.2020 11:24:09,757	1,614566	1,367025	0	
27.07.2020 11:24:10,28	1,528218	1,37275	0	
27.07.2020 11:24:10,287	1,09731	1,374908	0	
27.07.2020 11:24:10,554	0	1,375178	0	
27.07.2020 11:24:10,825	0	1,375178	0	
27.07.2020 11:24:11,95	0	1,375178	0	
27.07.2020 11:24:11,359	0	1,375178	0	
27.07.2020 11:24:11,621	0	1,375178	0	
27.07.2020 11:24:11,872	0	1,375178	0	
27.07.2020 11:24:12,127	0	1,375178	0	
27.07.2020 11:24:12,379	0	1,375178	0	
27.07.2020 11:24:12,644	0	1,375178	0	
27.07.2020 11:24:12,914	0	1,375178	0	
27.07.2020 11:24:13,187	0	1,375178	0	
27.07.2020 11:24:13,440	0	1,375178	0	
27.07.2020 11:24:13,699	0	1,375178	0	
27.07.2020 11:24:13,969	0	1,375178	0	
27.07.2020 11:24:14,224	0	1,375178	0	
27.07.2020 11:24:14,491	0	1,375178	0	
27.07.2020 11:24:14,757	0	1,375178	0	
27.07.2020 11:24:15,27	0	1,375178	0	
27.07.2020 11:24:15,300	0	1,375329	0	
27.07.2020 11:24:15,562	0,1456768	1,377207	0	
27.07.2020 11:24:15,815	0,2165066	1,3784	0	
27.07.2020 11:24:16,70	0,2105979	1,37927	0	
27.07.2020 11:24:16,328	0,1258407	1,379871	0	
27.07.2020 11:24:16,581	0,1065653	1,380268	0	
27.07.2020 11:24:16,835	0,09754213	1,380604	0	
27.07.2020 11:24:17,108	0,08539391	1,380996	0	
27.07.2020 11:24:17,376	0,06346233	1,381259	0	
27.07.2020 11:24:17,642	0,05830519	1,381496	0	
27.07.2020 11:24:17,894	0,04850482	1,38165	0	
27.07.2020 11:24:18,146	0,03360271	1,38177	0	
27.07.2020 11:24:18,411	0,02560165	1,381847	0	
27.07.2020 11:24:18,681	0,002493524	1,381954	0	
27.07.2020 11:24:18,948	0,01411954	1,382095	0	
27.07.2020 11:24:19,210	0,02702748	1,382254	0	
27.07.2020 11:24:19,461	1,267537	1,386532	0	
27.07.2020 11:24:19,714	1,62	1,394227	0	
27.07.2020 11:24:19,986	1,62	1,402138	0	
27.07.2020 11:24:20,241	1,58197	1,408448	0	
27.07.2020 11:24:20,491	1,222444	1,410926	0	
27.07.2020 11:24:20,764	0	1,411416	0	
27.07.2020 11:24:21,18	0	1,411416	0	
27.07.2020 11:24:21,282	0	1,411416	0	
27.07.2020 11:24:21,547	0	1,411416	0	
27.07.2020 11:24:21,799	0	1,411416	0	
27.07.2020 11:24:22,57	0	1,411416	0	
27.07.2020 11:24:22,327	0	1,411416	0	
27.07.2020 11:24:22,601	0	1,411416	0	
27.07.2020 11:24:22,864	0	1,411416	0	
27.07.2020 11:24:23,124	0	1,411416	0	
27.07.2020 11:24:23,392	0	1,411416	0	
27.07.2020 11:24:23,664	0	1,411416	0	
27.07.2020 11:24:23,914	0	1,411416	0	
27.07.2020 11:24:24,178	0	1,411416	0	
27.07.2020 11:24:24,445	0	1,411416	0	
27.07.2020 11:24:24,713	0	1,411416	0	
27.07.2020 11:24:24,972	0	1,411416	0	
27.07.2020 11:24:25,235	0	1,411416	0	
27.07.2020 11:24:25,497	0	1,411416	0	
27.07.2020 11:24:25,752	0	1,411416	0	
27.07.2020 11:24:26,4	0	1,411416	0	
27.07.2020 11:24:26,271	0	1,411416	0	
27.07.2020 11:24:26,541	0	1,411416	0	
27.07.2020 11:24:26,793	0	1,411416	0	
27.07.2020 11:24:27,64	0	1,411416	0	
27.07.2020 11:24:27,323	0	1,411416	0	
27.07.2020 11:24:27,578	0	1,411416	0	
27.07.2020 11:24:27,829	0	1,411416	0	
27.07.2020 11:24:28,85	0	1,411416	0	
27.07.2020 11:24:28,358	0	1,411416	0	
27.07.2020 11:24:28,614	0	1,411416	0	
27.07.2020 11:24:28,872	0	1,411416	0	
27.07.2020 11:24:29,129	0	1,411416	0	
27.07.2020 11:24:29,383	0	1,411416	0	
27.07.2020 11:24:29,635	0	1,411416	0	
27.07.2020 11:24:29,892	0,378146	1,418107	0	
27.07.2020 11:24:30,142	0,9265426	1,428194	0	
27.07.2020 11:24:30,394	1,411034	1,437436	0	
27.07.2020 11:24:30,656	0,3978747	1,440141	0	
27.07.2020 11:24:30,912	0	1,440317	0	
27.07.2020 11:24:31,173	0	1,440317	0	
27.07.2020 11:24:31,442	0	1,440317	0	
27.07.2020 11:24:31,705	0	1,440317	0	
27.07.2020 11:24:31,968	0	1,440317	0	
27.07.2020 11:24:32,241	0	1,440317	0	
27.07.2020 11:24:32,509	0	1,440317	0	
27.07.2020 11:24:32,784	0	1,440317	0	
27.07.2020 11:24:33,38	0	1,440317	0	
27.07.2020 11:24:33,313	0	1,440317	0	
27.07.2020 11:24:33,574	0	1,440317	0	
27.07.2020 11:24:33,826	0	1,440317	0	
27.07.2020 11:24:34,77	0	1,440317	0	
27.07.2020 11:24:34,330	0	1,440317	0	
27.07.2020 11:24:34,583	0	1,440317	0	
27.07.2020 11:24:34,850	0	1,440317	0	
27.07.2020 11:24:35,104	0	1,440317	0	
27.07.2020 11:24:35,363	0	1,440317	0	
27.07.2020 11:24:35,633	0	1,440317	0	
27.07.2020 11:24:35,898	0	1,440317	0	
27.07.2020 11:24:36,152	0	1,440317	0	
27.07.2020 11:24:36,404	0	1,440317	0	
27.07.2020 11:24:36,664	0	1,440317	0	
27.07.2020 11:24:36,921	0	1,440317	0	
27.07.2020 11:24:37,187	0	1,440317	0	
27.07.2020 11:24:37,460	0	1,440317	0	
27.07.2020 11:24:37,731	0	1,440317	0	
27.07.2020 11:24:37,990	0	1,440317	0	
27.07.2020 11:24:38,261	0	1,440317	0	
27.07.2020 11:24:38,530	0	1,440317	0	
27.07.2020 11:24:38,785	0	1,440317	0	
27.07.2020 11:24:39,42	0	1,440317	0	
27.07.2020 11:24:39,301	0	1,440317	0	
27.07.2020 11:24:39,556	0	1,440317	0	
27.07.2020 11:24:39,819	0	1,440317	0	
27.07.2020 11:24:40,85	0,03305915	1,443199	0	
27.07.2020 11:24:40,340	0,6590219	1,452406	0	
27.07.2020 11:24:40,609	1,242629	1,462451	0	
27.07.2020 11:24:40,880	0,8701393	1,468336	0	
27.07.2020 11:24:41,140	0,03496279	1,469093	0	
27.07.2020 11:24:41,403	0	1,469093	0	
27.07.2020 11:24:41,662	0	1,469093	0	
27.07.2020 11:24:41,933	0	1,469093	0	
27.07.2020 11:24:42,202	0	1,469093	0	
27.07.2020 11:24:42,459	0	1,469093	0	
27.07.2020 11:24:42,712	0	1,469093	0	
27.07.2020 11:24:42,962	0	1,469093	0	
27.07.2020 11:24:43,214	0	1,469093	0	
27.07.2020 11:24:43,484	0	1,469093	0	
27.07.2020 11:24:43,745	0	1,469093	0	
27.07.2020 11:24:44,2	0	1,469093	0	
27.07.2020 11:24:44,262	0	1,469093	0	
27.07.2020 11:24:44,518	0	1,469093	0	
27.07.2020 11:24:44,777	0	1,469093	0	
27.07.2020 11:24:45,42	0	1,469093	0	
27.07.2020 11:24:45,304	0	1,469093	0	
27.07.2020 11:24:45,569	0	1,469093	0	
27.07.2020 11:24:45,826	0	1,469093	0	
27.07.2020 11:24:46,90	0	1,469093	0	
27.07.2020 11:24:46,350	0	1,469093	0	
27.07.2020 11:24:46,607	0	1,469093	0	
27.07.2020 11:24:46,876	0	1,469093	0	
27.07.2020 11:24:47,133	0	1,469093	0	
27.07.2020 11:24:47,393	0	1,469093	0	
27.07.2020 11:24:47,655	0	1,469093	0	
27.07.2020 11:24:47,917	0	1,469093	0	
27.07.2020 11:24:48,179	0	1,469093	0	
27.07.2020 11:24:48,431	0	1,469093	0	
27.07.2020 11:24:48,690	0	1,469093	0	
27.07.2020 11:24:48,958	0	1,469093	0	
27.07.2020 11:24:49,208	0	1,469093	0	
27.07.2020 11:24:49,471	0	1,469093	0	
27.07.2020 11:24:49,728	0	1,469093	0	
27.07.2020 11:24:49,978	0	1,469093	0	
27.07.2020 11:24:50,229	0	1,469093	0	
27.07.2020 11:24:50,492	0,2947281	1,47444	0	
27.07.2020 11:24:50,750	0,8930299	1,484191	0	
27.07.2020 11:24:51,22	1,384367	1,494307	0	
27.07.2020 11:24:51,276	0,5313675	1,497842	0	
27.07.2020 11:24:51,531	0	1,498155	0	
27.07.2020 11:24:51,788	0	1,498155	0	
27.07.2020 11:24:52,57	0	1,498155	0	
27.07.2020 11:24:52,328	0	1,498155	0	
27.07.2020 11:24:52,579	0	1,498155	0	
27.07.2020 11:24:52,849	0	1,498155	0	
27.07.2020 11:24:53,109	0	1,498155	0	
27.07.2020 11:24:53,364	0	1,498155	0	
27.07.2020 11:24:53,618	0	1,498155	0	
27.07.2020 11:24:53,888	0	1,498155	0	
27.07.2020 11:24:54,153	0	1,498155	0	
27.07.2020 11:24:54,418	0	1,498155	0	
27.07.2020 11:24:54,690	0	1,498155	0	
27.07.2020 11:24:54,950	0	1,498155	0	
27.07.2020 11:24:55,223	0	1,498155	0	
27.07.2020 11:24:55,481	0	1,498155	0	
27.07.2020 11:24:55,738	0	1,498155	0	
27.07.2020 11:24:55,989	0	1,498155	0	
27.07.2020 11:24:56,253	0	1,498155	0	
27.07.2020 11:24:56,507	0	1,498155	0	
27.07.2020 11:24:56,779	0	1,498155	0	
27.07.2020 11:24:57,44	0	1,498155	0	
27.07.2020 11:24:57,313	0	1,498155	0	
27.07.2020 11:24:57,582	0	1,498155	0	
27.07.2020 11:24:57,834	0	1,498155	0	
27.07.2020 11:24:58,92	0	1,498155	0	
27.07.2020 11:24:58,362	0	1,498155	0	
27.07.2020 11:24:58,612	0	1,498155	0	
27.07.2020 11:24:58,881	0	1,498155	0	
27.07.2020 11:24:59,137	0	1,498155	0	
27.07.2020 11:24:59,409	0	1,498155	0	
27.07.2020 11:24:59,668	0	1,498155	0	
27.07.2020 11:24:59,927	0	1,498155	0	
27.07.2020 11:25:00,192	0	1,498155	0	
27.07.2020 11:25:00,453	0	1,498155	0	
27.07.2020 11:25:00,707	0,06793071	1,500195	0	
27.07.2020 11:25:00,961	0,6548446	1,510115	0	
27.07.2020 11:25:01,213	1,203088	1,520143	0	
27.07.2020 11:25:01,485	1,029963	1,52593	0	
27.07.2020 11:25:01,739	0,08286158	1,526919	0	
27.07.2020 11:25:01,993	0	1,526919	0	
27.07.2020 11:25:02,250	0	1,526919	0	
27.07.2020 11:25:02,522	0	1,526919	0	
27.07.2020 11:25:02,785	0	1,526919	0	
27.07.2020 11:25:03,40	0	1,526919	0	
27.07.2020 11:25:03,299	0	1,526919	0	
27.07.2020 11:25:03,560	0	1,526919	0	
27.07.2020 11:25:03,832	0	1,526919	0	
27.07.2020 11:25:04,93	0	1,526919	0	
27.07.2020 11:25:04,365	0	1,526919	0	
27.07.2020 11:25:04,630	0	1,526919	0	
27.07.2020 11:25:04,894	0	1,526919	0	
27.07.2020 11:25:05,165	0	1,526919	0	
27.07.2020 11:25:05,434	0	1,526919	0	
27.07.2020 11:25:05,695	0	1,526919	0	
27.07.2020 11:25:05,961	0	1,526919	0	
27.07.2020 11:25:06,217	0	1,526919	0	
27.07.2020 11:25:06,468	0	1,526919	0	
27.07.2020 11:25:06,735	0	1,526919	0	
27.07.2020 11:25:06,992	0	1,526919	0	
27.07.2020 11:25:07,255	0	1,526919	0	
27.07.2020 11:25:07,515	0	1,526919	0	
27.07.2020 11:25:07,768	0	1,526919	0	
27.07.2020 11:25:08,41	0	1,526919	0	
27.07.2020 11:25:08,309	0	1,526919	0	
27.07.2020 11:25:08,578	0	1,526919	0	
27.07.2020 11:25:08,843	0	1,526919	0	
27.07.2020 11:25:09,97	0	1,526919	0	
27.07.2020 11:25:09,356	0	1,526919	0	
27.07.2020 11:25:09,611	0	1,526919	0	
27.07.2020 11:25:09,877	0	1,526919	0	
27.07.2020 11:25:10,148	0	1,526919	0	
27.07.2020 11:25:10,415	0	1,526919	0	
27.07.2020 11:25:10,687	0	1,526919	0	
27.07.2020 11:25:10,947	0,001629902	1,527267	0	
27.07.2020 11:25:11,213	0,5681856	1,537321	0	
27.07.2020 11:25:11,485	1,12756	1,547252	0	
27.07.2020 11:25:11,742	1,38173	1,554299	0	
27.07.2020 11:25:11,999	0,186758	1,555843	0	
27.07.2020 11:25:12,266	0	1,555858	0	
27.07.2020 11:25:12,523	0	1,555858	0	
27.07.2020 11:25:12,777	0	1,555858	0	
27.07.2020 11:25:13,38	0	1,555858	0	
27.07.2020 11:25:13,292	0	1,555858	0	
27.07.2020 11:25:13,544	0	1,555858	0	
27.07.2020 11:25:13,801	0	1,555858	0	
27.07.2020 11:25:14,54	0	1,555858	0	
27.07.2020 11:25:14,310	0	1,555858	0	
27.07.2020 11:25:14,563	0	1,555858	0	
27.07.2020 11:25:14,818	0	1,555858	0	
27.07.2020 11:25:15,69	0	1,555858	0	
27.07.2020 11:25:15,336	0	1,555858	0	
27.07.2020 11:25:15,588	0	1,555858	0	
27.07.2020 11:25:15,851	0	1,555858	0	
27.07.2020 11:25:16,103	0	1,555858	0	
27.07.2020 11:25:16,364	0	1,555858	0	
27.07.2020 11:25:16,633	0	1,555858	0	
27.07.2020 11:25:16,904	0	1,555858	0	
27.07.2020 11:25:17,156	0	1,555858	0	
27.07.2020 11:25:17,418	0	1,555858	0	
27.07.2020 11:25:17,671	0	1,555858	0	
27.07.2020 11:25:17,932	0	1,555858	0	
27.07.2020 11:25:18,185	0	1,555858	0	
27.07.2020 11:25:18,459	0	1,555858	0	
27.07.2020 11:25:18,723	0	1,555858	0	
27.07.2020 11:25:18,993	0	1,555858	0	
27.07.2020 11:25:19,262	0	1,555858	0	
27.07.2020 11:25:19,524	0	1,555858	0	
27.07.2020 11:25:19,786	0	1,555858	0	
27.07.2020 11:25:20,57	0	1,555858	0	
27.07.2020 11:25:20,309	0	1,555858	0	
27.07.2020 11:25:20,576	0	1,555858	0	
27.07.2020 11:25:20,849	0	1,555858	0	
27.07.2020 11:25:21,114	0	1,555858	0	
27.07.2020 11:25:21,385	0,360408	1,562245	0	
27.07.2020 11:25:21,650	0,9436901	1,572817	0	
27.07.2020 11:25:21,911	1,416201	1,582002	0	
27.07.2020 11:25:22,174	0,4816715	1,585009	0	
27.07.2020 11:25:22,445	0	1,585447	0	
27.07.2020 11:25:22,701	0	1,585447	0	
27.07.2020 11:25:22,953	0	1,585447	0	
27.07.2020 11:25:23,204	0	1,585447	0	
27.07.2020 11:25:23,460	0	1,585447	0	
27.07.2020 11:25:23,720	0	1,585447	0	
27.07.2020 11:25:23,991	0	1,585447	0	
27.07.2020 11:25:24,257	0	1,585447	0	
27.07.2020 11:25:24,523	0	1,585447	0	
27.07.2020 11:25:24,790	0	1,585447	0	
27.07.2020 11:25:25,44	0	1,585447	0	
27.07.2020 11:25:25,316	0	1,585447	0	
27.07.2020 11:25:25,586	0	1,585447	0	
27.07.2020 11:25:25,850	0	1,585447	0	
27.07.2020 11:25:26,109	0	1,585447	0	
27.07.2020 11:25:26,376	0	1,585447	0	
27.07.2020 11:25:26,636	0	1,585447	0	
27.07.2020 11:25:26,907	0	1,585447	0	
27.07.2020 11:25:27,159	0	1,585447	0	
27.07.2020 11:25:27,415	0	1,585447	0	
27.07.2020 11:25:27,687	0	1,585447	0	
27.07.2020 11:25:27,955	0	1,585447	0	
27.07.2020 11:25:28,228	0	1,585447	0	
27.07.2020 11:25:28,486	0	1,585447	0	
27.07.2020 11:25:28,750	0	1,585447	0	
27.07.2020 11:25:29,17	0,02989353	1,586335	0	
27.07.2020 11:25:29,269	0,1626206	1,58772	0	
27.07.2020 11:25:29,538	0,2008439	1,58868	0	
27.07.2020 11:25:29,804	0,1681435	1,589354	0	
27.07.2020 11:25:30,68	0,09589851	1,589814	0	
27.07.2020 11:25:30,329	0,08986297	1,590151	0	
27.07.2020 11:25:30,599	0,07939965	1,590474	0	
27.07.2020 11:25:30,850	0,07337338	1,590786	0	
27.07.2020 11:25:31,121	0,07682111	1,591167	0	
27.07.2020 11:25:31,381	0,1037184	1,591953	0	
27.07.2020 11:25:31,633	0,9114574	1,597954	0	
27.07.2020 11:25:31,888	1,618264	1,605772	0	
27.07.2020 11:25:32,139	1,618814	1,613194	0	
27.07.2020 11:25:32,396	1,616649	1,620519	0	
27.07.2020 11:25:32,652	1,354097	1,624013	0	
27.07.2020 11:25:32,906	0,7982751	1,62514	0	
27.07.2020 11:25:33,163	0	1,625201	0	
27.07.2020 11:25:33,418	0	1,625201	0	
27.07.2020 11:25:33,674	0	1,625201	0	
27.07.2020 11:25:33,937	0	1,625201	0	
27.07.2020 11:25:34,208	0	1,625201	0	
27.07.2020 11:25:34,469	0	1,625201	0	
27.07.2020 11:25:34,734	0	1,625201	0	
27.07.2020 11:25:34,992	0	1,625201	0	
27.07.2020 11:25:35,243	0,04382299	1,626325	0	
27.07.2020 11:25:35,511	0,2318777	1,628391	0	
27.07.2020 11:25:35,776	0,3197597	1,629884	0	
27.07.2020 11:25:36,40	0,3217921	1,631317	0	
27.07.2020 11:25:36,301	0,2950776	1,632393	0	
27.07.2020 11:25:36,561	0,2481181	1,633314	0	
27.07.2020 11:25:36,832	0,2051158	1,634188	0	
27.07.2020 11:25:37,98	0,2038248	1,635135	0	
27.07.2020 11:25:37,350	0,2060341	1,636057	0	
27.07.2020 11:25:37,621	0,2127643	1,637031	0	
27.07.2020 11:25:37,888	0,2230282	1,638114	0	
27.07.2020 11:25:38,146	0,2310127	1,639147	0	
27.07.2020 11:25:38,418	0,2334212	1,640178	0	
27.07.2020 11:25:38,685	0,2343826	1,641202	0	
27.07.2020 11:25:38,951	0,2350658	1,642221	0	
27.07.2020 11:25:39,225	0,2339511	1,643301	0	
27.07.2020 11:25:39,495	0,2335574	1,644313	0	
27.07.2020 11:25:39,756	0,2336067	1,645404	0	
27.07.2020 11:25:40,24	0,2340323	1,646429	0	
27.07.2020 11:25:40,297	0,2453739	1,647597	0	
27.07.2020 11:25:40,547	0,2857723	1,649039	0	
27.07.2020 11:25:40,807	0,3734404	1,650767	0	
27.07.2020 11:25:41,60	0,4371524	1,652674	0	
27.07.2020 11:25:41,314	0,4438158	1,654667	0	
27.07.2020 11:25:41,569	0,4507028	1,656521	0	
27.07.2020 11:25:41,830	0,5965147	1,660744	0	
27.07.2020 11:25:42,98	1,0821	1,669133	0	
27.07.2020 11:25:42,349	1,469306	1,676606	0	
27.07.2020 11:25:42,605	1,599888	1,684911	0	
27.07.2020 11:25:42,868	1,600766	1,692448	0	
27.07.2020 11:25:43,133	1,317016	1,696072	0	
27.07.2020 11:25:43,405	0,7429329	1,697274	0	
27.07.2020 11:25:43,658	0,1806471	1,697595	0	
27.07.2020 11:25:43,927	0,02757789	1,69769	0	
27.07.2020 11:25:44,183	0,09375082	1,697984	0	
27.07.2020 11:25:44,441	0,2560064	1,698936	0	
27.07.2020 11:25:44,705	0,2971463	1,700554	0	
27.07.2020 11:25:44,978	0,3486322	1,70236	0	
27.07.2020 11:25:45,240	0,4090061	1,704267	0	
27.07.2020 11:25:45,498	0,4404171	1,706193	0	
27.07.2020 11:25:45,749	0,4389809	1,708072	0	
27.07.2020 11:25:46,16	0,4335357	1,709894	0	
27.07.2020 11:25:46,274	0,427241	1,711685	0	
27.07.2020 11:25:46,527	0,4215205	1,713462	0	
27.07.2020 11:25:46,785	0,4187702	1,71512	0	
27.07.2020 11:25:47,40	0,4176032	1,716922	0	
27.07.2020 11:25:47,294	0,4182284	1,718745	0	
27.07.2020 11:25:47,550	0,4203436	1,720588	0	
27.07.2020 11:25:47,806	0,4224172	1,722435	0	
27.07.2020 11:25:48,57	0,4246472	1,724012	0	
27.07.2020 11:25:48,324	0,4271007	1,726027	0	
27.07.2020 11:25:48,589	0,4286188	1,728045	0	
27.07.2020 11:25:48,855	0,4305973	1,729783	0	
27.07.2020 11:25:49,122	0,4311896	1,731798	0	
27.07.2020 11:25:49,389	0,4321862	1,733826	0	
27.07.2020 11:25:49,657	0,4334239	1,735713	0	
27.07.2020 11:25:49,922	0,4340482	1,737604	0	
27.07.2020 11:25:50,187	0,4355044	1,739505	0	
27.07.2020 11:25:50,450	0,4359365	1,741395	0	
27.07.2020 11:25:50,711	0,4363404	1,743435	0	
27.07.2020 11:25:50,970	0,4370048	1,745333	0	
27.07.2020 11:25:51,233	0,4369118	1,74708	0	
27.07.2020 11:25:51,494	0,437493	1,749129	0	
27.07.2020 11:25:51,758	0,4380244	1,751031	0	
27.07.2020 11:25:52,11	0,4472471	1,753097	0	
27.07.2020 11:25:52,270	0,8406223	1,759954	0	
27.07.2020 11:25:52,526	1,283337	1,767791	0	
27.07.2020 11:25:52,781	1,571415	1,775837	0	
27.07.2020 11:25:53,34	1,601891	1,783477	0	
27.07.2020 11:25:53,290	1,578331	1,790385	0	
27.07.2020 11:25:53,547	1,278088	1,793765	0	
27.07.2020 11:25:53,801	0,8294437	1,795493	0	
27.07.2020 11:25:54,55	0,3002546	1,79661	0	
27.07.2020 11:25:54,313	0,2600694	1,797708	0	
27.07.2020 11:25:54,565	0,301463	1,799304	0	
27.07.2020 11:25:54,820	0,4022734	1,801423	0	
27.07.2020 11:25:55,81	0,5825136	1,803921	0	
27.07.2020 11:25:55,346	0,6117606	1,806645	0	
27.07.2020 11:25:55,609	0,6262749	1,809472	0	
27.07.2020 11:25:55,882	0,6356834	1,812513	0	
27.07.2020 11:25:56,153	0,6398939	1,815316	0	
27.07.2020 11:25:56,425	0,6392789	1,818288	0	
27.07.2020 11:25:56,684	0,6370586	1,821029	0	
27.07.2020 11:25:56,937	0,6358078	1,82356	0	
27.07.2020 11:25:57,200	0,6348253	1,826514	0	
27.07.2020 11:25:57,456	0,6356811	1,829284	0	
27.07.2020 11:25:57,727	0,6385644	1,832076	0	
27.07.2020 11:25:57,978	0,6413908	1,834888	0	
27.07.2020 11:25:58,248	0,6455139	1,837934	0	
27.07.2020 11:25:58,508	0,6481555	1,840547	0	
27.07.2020 11:25:58,778	0,6505388	1,843607	0	
27.07.2020 11:25:59,39	0,6528127	1,846457	0	
27.07.2020 11:25:59,304	0,654092	1,849306	0	
27.07.2020 11:25:59,563	0,6563901	1,85217	0	
27.07.2020 11:25:59,822	0,6579975	1,855035	0	
27.07.2020 11:26:00,74	0,6595593	1,857906	0	
27.07.2020 11:26:00,334	0,6608238	1,86056	0	
27.07.2020 11:26:00,603	0,6613927	1,863657	0	
27.07.2020 11:26:00,873	0,6633089	1,86677	0	
27.07.2020 11:26:01,132	0,6645463	1,869437	0	
27.07.2020 11:26:01,383	0,6658595	1,872336	0	
27.07.2020 11:26:01,637	0,6674789	1,87524	0	
27.07.2020 11:26:01,896	0,6683626	1,878146	0	
27.07.2020 11:26:02,153	0,6697552	1,880837	0	
27.07.2020 11:26:02,420	0,7621322	1,885961	0	
27.07.2020 11:26:02,691	1,165649	1,89428	0	
27.07.2020 11:26:02,958	1,472731	1,902282	0	
27.07.2020 11:26:03,219	1,599174	1,910498	0	
27.07.2020 11:26:03,470	1,606217	1,918953	0	
27.07.2020 11:26:03,734	1,610878	1,926724	0	
27.07.2020 11:26:04,5	1,43821	1,931483	0	
27.07.2020 11:26:04,267	0,9686499	1,933656	0	
27.07.2020 11:26:04,525	0,4752913	1,934687	0	
27.07.2020 11:26:04,797	0,2491015	1,935853	0	
27.07.2020 11:26:05,58	0,2824776	1,937418	0	
27.07.2020 11:26:05,323	0,4149023	1,939841	0	
27.07.2020 11:26:05,581	0,7273436	1,943215	0	
27.07.2020 11:26:05,836	0,9154797	1,947271	0	
27.07.2020 11:26:06,91	0,954594	1,951728	0	
27.07.2020 11:26:06,342	1,00488	1,955959	0	
27.07.2020 11:26:06,607	1,029842	1,960517	0	
27.07.2020 11:26:06,859	1,031823	1,964993	0	
27.07.2020 11:26:07,115	1,025632	1,969362	0	
27.07.2020 11:26:07,378	1,014955	1,97366	0	
27.07.2020 11:26:07,631	1,005326	1,977602	0	
27.07.2020 11:26:07,904	0,9978154	1,982191	0	
27.07.2020 11:26:08,162	0,9946291	1,986484	0	
27.07.2020 11:26:08,413	0,9947176	1,990465	0	
27.07.2020 11:26:08,672	0,9964834	1,994802	0	
27.07.2020 11:26:08,937	0,9999067	1,999495	0	
27.07.2020 11:26:09,205	1,00187	2,003856	0	
27.07.2020 11:26:09,472	1,004442	2,00857	0	
27.07.2020 11:26:09,739	1,006426	2,012947	0	
27.07.2020 11:26:09,992	1,007546	2,016986	0	
27.07.2020 11:26:10,245	1,008832	2,021367	0	
27.07.2020 11:26:10,496	1,009102	2,025742	0	
27.07.2020 11:26:10,756	1,009892	2,030128	0	
27.07.2020 11:26:11,21	1,011036	2,03452	0	
27.07.2020 11:26:11,292	1,012004	2,039256	0	
27.07.2020 11:26:11,551	1,014173	2,043667	0	
27.07.2020 11:26:11,818	1,014938	2,048069	0	
27.07.2020 11:26:12,85	1,015587	2,052475	0	
27.07.2020 11:26:12,356	1,016013	2,057221	0	
27.07.2020 11:26:12,617	1,022762	2,061542	0	
27.07.2020 11:26:12,886	1,256265	2,069682	0	
27.07.2020 11:26:13,153	1,46288	2,078319	0	
27.07.2020 11:26:13,407	1,584278	2,085955	0	
27.07.2020 11:26:13,677	1,596358	2,095147	0	
27.07.2020 11:26:13,937	1,604353	2,103938	0	
27.07.2020 11:26:14,207	1,609968	2,113024	0	
27.07.2020 11:26:14,477	1,61336	2,123056	0	
27.07.2020 11:26:14,746	1,511514	2,128701	0	
27.07.2020 11:26:15,0	1,192753	2,13171	0	
27.07.2020 11:26:15,262	0,7863194	2,134033	0	
27.07.2020 11:26:15,530	0,6043323	2,136768	0	
27.07.2020 11:26:15,794	0,6377828	2,139894	0	
27.07.2020 11:26:16,57	0,7393612	2,143639	0	
27.07.2020 11:26:16,329	0,9235327	2,147813	0	
27.07.2020 11:26:16,587	1,013863	2,152221	0	
27.07.2020 11:26:16,854	1,022123	2,157074	0	
27.07.2020 11:26:17,116	1,02706	2,161556	0	
27.07.2020 11:26:17,385	1,026273	2,165987	0	
27.07.2020 11:26:17,636	1,022156	2,170371	0	
27.07.2020 11:26:17,907	1,01594	2,174724	0	
27.07.2020 11:26:18,164	1,013073	2,17909	0	
27.07.2020 11:26:18,423	1,010977	2,183454	0	
27.07.2020 11:26:18,692	1,010798	2,188173	0	
27.07.2020 11:26:18,946	1,012685	2,19224	0	
27.07.2020 11:26:19,212	1,01466	2,196996	0	
27.07.2020 11:26:19,470	1,017246	2,20143	0	
27.07.2020 11:26:19,740	1,019885	2,205874	0	
27.07.2020 11:26:19,994	1,02163	2,210314	0	
27.07.2020 11:26:20,251	1,022969	2,214755	0	
27.07.2020 11:26:20,513	1,023097	2,219188	0	
27.07.2020 11:26:20,786	1,023816	2,223634	0	
27.07.2020 11:26:21,43	1,024242	2,228075	0	
27.07.2020 11:26:21,302	1,024002	2,232515	0	
27.07.2020 11:26:21,554	1,024905	2,23662	0	
27.07.2020 11:26:21,804	1,025455	2,241069	0	
27.07.2020 11:26:22,70	1,02615	2,245864	0	
27.07.2020 11:26:22,334	1,027056	2,250322	0	
27.07.2020 11:26:22,588	1,027156	2,254433	0	
27.07.2020 11:26:22,839	1,028109	2,258928	0	
27.07.2020 11:26:23,105	1,173649	2,265777	0	
27.07.2020 11:26:23,361	1,390385	2,273542	0	
27.07.2020 11:26:23,629	1,567671	2,281579	0	
27.07.2020 11:26:23,897	1,593486	2,290489	0	
27.07.2020 11:26:24,157	1,602452	2,299015	0	
27.07.2020 11:26:24,413	1,608386	2,307097	0	
27.07.2020 11:26:24,668	1,591104	2,314394	0	
27.07.2020 11:26:24,931	1,293461	2,317978	0	
27.07.2020 11:26:25,186	0,833405	2,319821	0	
27.07.2020 11:26:25,437	0,4234432	2,321081	0	
27.07.2020 11:26:25,705	0,3852573	2,322959	0	
27.07.2020 11:26:25,964	0,4366977	2,325281	0	
27.07.2020 11:26:26,224	0,5636466	2,328161	0	
27.07.2020 11:26:26,494	0,7652487	2,331673	0	
27.07.2020 11:26:26,756	0,7810509	2,335143	0	
27.07.2020 11:26:27,8	0,7922007	2,338403	0	
27.07.2020 11:26:27,264	0,7979961	2,341914	0	
27.07.2020 11:26:27,517	0,800643	2,345402	0	
27.07.2020 11:26:27,773	0,799412	2,348847	0	
27.07.2020 11:26:28,29	0,7969681	2,352277	0	
27.07.2020 11:26:28,283	0,7956332	2,355445	0	
27.07.2020 11:26:28,553	0,7942977	2,359143	0	
27.07.2020 11:26:28,815	0,7950485	2,362602	0	
27.07.2020 11:26:29,70	0,7972169	2,36581	0	
27.07.2020 11:26:29,327	0,7993168	2,369292	0	
27.07.2020 11:26:29,579	0,8016948	2,372789	0	
27.07.2020 11:26:29,847	0,8036788	2,376555	0	
27.07.2020 11:26:30,112	0,8056402	2,379797	0	
27.07.2020 11:26:30,364	0,8066465	2,383303	0	
27.07.2020 11:26:30,620	0,8079045	2,386819	0	
27.07.2020 11:26:30,882	0,8098128	2,390345	0	
27.07.2020 11:26:31,152	0,8110241	2,393868	0	
27.07.2020 11:26:31,419	0,8120415	2,397665	0	
27.07.2020 11:26:31,689	0,8124341	2,401189	0	
27.07.2020 11:26:31,943	0,8123477	2,404713	0	
27.07.2020 11:26:32,207	0,8133878	2,408247	0	
27.07.2020 11:26:32,458	0,813418	2,411768	0	
27.07.2020 11:26:32,729	0,81303	2,415288	0	
27.07.2020 11:26:32,989	0,8134424	2,418816	0	
27.07.2020 11:26:33,247	0,830239	2,423358	0	
27.07.2020 11:26:33,503	1,106578	2,430419	0	
27.07.2020 11:26:33,761	1,386649	2,438388	0	
27.07.2020 11:26:34,26	1,595509	2,446587	0	
27.07.2020 11:26:34,293	1,603791	2,455695	0	
27.07.2020 11:26:34,560	1,609272	2,464384	0	
27.07.2020 11:26:34,819	1,6129	2,472964	0	
27.07.2020 11:26:35,82	1,451354	2,477361	0	
27.07.2020 11:26:35,353	0,9988189	2,479647	0	
27.07.2020 11:26:35,620	0,5028993	2,481282	0	
27.07.2020 11:26:35,871	0,3651715	2,482896	0	
27.07.2020 11:26:36,135	0,4076749	2,484861	0	
27.07.2020 11:26:36,392	0,5220963	2,487561	0	
27.07.2020 11:26:36,664	0,7239546	2,491222	0	
27.07.2020 11:26:36,921	0,7742797	2,494388	0	
27.07.2020 11:26:37,187	0,780244	2,497784	0	
27.07.2020 11:26:37,455	0,7534152	2,501014	0	
27.07.2020 11:26:37,707	0,6750367	2,503341	0	
27.07.2020 11:26:37,979	0,5398921	2,505671	0	
27.07.2020 11:26:38,243	0,4598595	2,507655	0	
27.07.2020 11:26:38,507	0,4560591	2,509602	0	
27.07.2020 11:26:38,758	0,4579386	2,511619	0	
27.07.2020 11:26:39,28	0,4680062	2,513902	0	
27.07.2020 11:26:39,293	0,4851913	2,515937	0	
27.07.2020 11:26:39,564	0,5045785	2,518376	0	
27.07.2020 11:26:39,833	0,5129653	2,520841	0	
27.07.2020 11:26:40,87	0,5194868	2,522972	0	
27.07.2020 11:26:40,348	0,523791	2,525277	0	
27.07.2020 11:26:40,599	0,5257126	2,527575	0	
27.07.2020 11:26:40,854	0,5276191	2,52988	0	
27.07.2020 11:26:41,116	0,5291547	2,532007	0	
27.07.2020 11:26:41,380	0,5305772	2,534497	0	
27.07.2020 11:26:41,638	0,5321042	2,536815	0	
27.07.2020 11:26:41,893	0,5330299	2,539131	0	
27.07.2020 11:26:42,150	0,534037	2,541278	0	
27.07.2020 11:26:42,418	0,5353523	2,543792	0	
27.07.2020 11:26:42,669	0,5367271	2,546131	0	
27.07.2020 11:26:42,925	0,5382493	2,548472	0	
27.07.2020 11:26:43,185	0,5382044	2,55062	0	
27.07.2020 11:26:43,438	0,5377969	2,55297	0	
27.07.2020 11:26:43,712	0,7750599	2,559184	0	
27.07.2020 11:26:43,970	1,200242	2,566351	0	
27.07.2020 11:26:44,227	1,533883	2,574347	0	
27.07.2020 11:26:44,496	1,601924	2,583197	0	
27.07.2020 11:26:44,752	1,608037	2,591434	0	
27.07.2020 11:26:45,17	1,461283	2,595939	0	
27.07.2020 11:26:45,281	1,021553	2,597904	0	
27.07.2020 11:26:45,549	0,4037569	2,598697	0	
27.07.2020 11:26:45,817	0,1162086	2,599235	0	
27.07.2020 11:26:46,86	0,1392113	2,600123	0	
27.07.2020 11:26:46,340	0,2149099	2,601427	0	
27.07.2020 11:26:46,608	0,3870328	2,603309	0	
27.07.2020 11:26:46,858	0,5083374	2,605504	0	
27.07.2020 11:26:47,109	0,517247	2,607835	0	
27.07.2020 11:26:47,371	0,5261729	2,610009	0	
27.07.2020 11:26:47,623	0,5304683	2,612335	0	
27.07.2020 11:26:47,888	0,5282428	2,614599	0	
27.07.2020 11:26:48,140	0,5247954	2,616839	0	
27.07.2020 11:26:48,409	0,5202412	2,619056	0	
27.07.2020 11:26:48,682	0,5175632	2,621451	0	
27.07.2020 11:26:48,946	0,517563	2,623865	0	
27.07.2020 11:26:49,203	0,5181725	2,625946	0	
27.07.2020 11:26:49,461	0,5201433	2,628222	0	
27.07.2020 11:26:49,715	0,522431	2,630507	0	
27.07.2020 11:26:49,976	0,5238774	2,632793	0	
27.07.2020 11:26:50,231	0,5259385	2,634913	0	
27.07.2020 11:26:50,501	0,5268914	2,637379	0	
27.07.2020 11:26:50,774	0,5282311	2,639857	0	
27.07.2020 11:26:51,33	0,5290796	2,64198	0	
27.07.2020 11:26:51,298	0,5296622	2,64446	0	
27.07.2020 11:26:51,554	0,5305742	2,646767	0	
27.07.2020 11:26:51,811	0,530785	2,64889	0	
27.07.2020 11:26:52,78	0,5306869	2,651366	0	
27.07.2020 11:26:52,331	0,5310218	2,653668	0	
27.07.2020 11:26:52,585	0,5305967	2,655788	0	
27.07.2020 11:26:52,840	0,5308084	2,658092	0	
27.07.2020 11:26:53,110	0,5307873	2,660568	0	
27.07.2020 11:26:53,377	0,5310691	2,662872	0	
27.07.2020 11:26:53,629	0,5313007	2,664997	0	
27.07.2020 11:26:53,881	0,5564466	2,668252	0	
27.07.2020 11:26:54,151	1,006877	2,67646	0	
27.07.2020 11:26:54,405	1,387916	2,684448	0	
27.07.2020 11:26:54,660	1,597176	2,691992	0	
27.07.2020 11:26:54,921	1,604894	2,700406	0	
27.07.2020 11:26:55,183	1,575522	2,706924	0	
27.07.2020 11:26:55,449	1,190154	2,709572	0	
27.07.2020 11:26:55,703	0,653611	2,710367	0	
27.07.2020 11:26:55,958	0	2,710421	0	
27.07.2020 11:26:56,230	0	2,710421	0	
27.07.2020 11:26:56,481	0	2,710421	0	
27.07.2020 11:26:56,742	0	2,710421	0	
27.07.2020 11:26:57,5	0,03431302	2,711522	0	
27.07.2020 11:26:57,264	0,250014	2,713886	0	
27.07.2020 11:26:57,526	0,4325608	2,716307	0	
27.07.2020 11:26:57,780	0,4877051	2,718474	0	
27.07.2020 11:26:58,43	0,4720433	2,720346	0	
27.07.2020 11:26:58,312	0,4285239	2,721995	0	
27.07.2020 11:26:58,573	0,3791015	2,723669	0	
27.07.2020 11:26:58,829	0,3583995	2,72521	0	
27.07.2020 11:26:59,81	0,3599016	2,726676	0	
27.07.2020 11:26:59,347	0,3660478	2,728317	0	
27.07.2020 11:26:59,613	0,3734142	2,730136	0	
27.07.2020 11:26:59,868	0,3824707	2,731863	0	
27.07.2020 11:27:00,129	0,3886302	2,733467	0	
27.07.2020 11:27:00,397	0,3934488	2,735348	0	
27.07.2020 11:27:00,665	0,3967164	2,737227	0	
27.07.2020 11:27:00,922	0,3983215	2,738837	0	
27.07.2020 11:27:01,179	0,4002435	2,740589	0	
27.07.2020 11:27:01,433	0,4014013	2,742336	0	
27.07.2020 11:27:01,702	0,4023765	2,744089	0	
27.07.2020 11:27:01,962	0,4037599	2,745848	0	
27.07.2020 11:27:02,229	0,4039086	2,747738	0	
27.07.2020 11:27:02,491	0,4047762	2,749365	0	
27.07.2020 11:27:02,752	0,4053566	2,751126	0	
27.07.2020 11:27:03,22	0,4059414	2,753025	0	
27.07.2020 11:27:03,273	0,4068668	2,754793	0	
27.07.2020 11:27:03,531	0,4064202	2,756414	0	
27.07.2020 11:27:03,791	0,4064296	2,758178	0	
27.07.2020 11:27:04,42	0,4062422	2,75995	0	
27.07.2020 11:27:04,297	0,6114897	2,765153	0	
27.07.2020 11:27:04,569	1,138252	2,773135	0	
27.07.2020 11:27:04,829	1,521166	2,781356	0	
27.07.2020 11:27:05,97	1,601262	2,790484	0	
27.07.2020 11:27:05,352	1,554218	2,796309	0	
27.07.2020 11:27:05,605	1,180624	2,798893	0	
27.07.2020 11:27:05,870	0,5956498	2,799683	0	
27.07.2020 11:27:06,133	0	2,799725	0	
27.07.2020 11:27:06,398	0	2,799725	0	
27.07.2020 11:27:06,668	0	2,799725	0	
27.07.2020 11:27:06,926	0	2,799725	0	
27.07.2020 11:27:07,180	0,1114647	2,801543	0	
27.07.2020 11:27:07,438	0,3174537	2,80403	0	
27.07.2020 11:27:07,696	0,4624473	2,806347	0	
27.07.2020 11:27:07,966	0,4790159	2,808379	0	
27.07.2020 11:27:08,226	0,452664	2,810144	0	
27.07.2020 11:27:08,478	0,4091938	2,811729	0	
27.07.2020 11:27:08,733	0,3606656	2,813259	0	
27.07.2020 11:27:09,0	0,3562165	2,814792	0	
27.07.2020 11:27:09,260	0,3586322	2,816379	0	
27.07.2020 11:27:09,534	0,3657897	2,818154	0	
27.07.2020 11:27:09,792	0,373361	2,81971	0	
27.07.2020 11:27:10,51	0,3810522	2,82142	0	
27.07.2020 11:27:10,306	0,3787591	2,82302	0	
27.07.2020 11:27:10,569	0,3569937	2,824498	0	
27.07.2020 11:27:10,832	0,3126993	2,825585	0	
27.07.2020 11:27:11,95	0,2436588	2,826709	0	
27.07.2020 11:27:11,347	0,233808	2,827721	0	
27.07.2020 11:27:11,603	0,233906	2,828661	0	
27.07.2020 11:27:11,866	0,2366291	2,829716	0	
27.07.2020 11:27:12,117	0,2422665	2,830814	0	
27.07.2020 11:27:12,387	0,2485223	2,831934	0	
27.07.2020 11:27:12,644	0,2535957	2,833078	0	
27.07.2020 11:27:12,905	0,2577289	2,83423	0	
27.07.2020 11:27:13,163	0,2602096	2,835382	0	
27.07.2020 11:27:13,424	0,262802	2,836546	0	
27.07.2020 11:27:13,680	0,2641585	2,837698	0	
27.07.2020 11:27:13,943	0,2649669	2,838854	0	
27.07.2020 11:27:14,197	0,2663846	2,840019	0	
27.07.2020 11:27:14,457	0,2774037	2,841443	0	
27.07.2020 11:27:14,719	0,7363948	2,848803	0	
27.07.2020 11:27:14,972	1,254751	2,856759	0	
27.07.2020 11:27:15,227	1,582892	2,864953	0	
27.07.2020 11:27:15,495	1,592113	2,871716	0	
27.07.2020 11:27:15,759	1,29702	2,875135	0	
27.07.2020 11:27:16,33	0,6862219	2,875959	0	
27.07.2020 11:27:16,289	0	2,875959	0	
27.07.2020 11:27:16,552	0	2,875959	0	
27.07.2020 11:27:16,808	0	2,875959	0	
27.07.2020 11:27:17,67	0	2,875959	0	
27.07.2020 11:27:17,327	0	2,875959	0	
27.07.2020 11:27:17,600	0	2,875959	0	
27.07.2020 11:27:17,853	0	2,875959	0	
27.07.2020 11:27:18,104	0,03830681	2,877057	0	
27.07.2020 11:27:18,362	0,2385873	2,879204	0	
27.07.2020 11:27:18,613	0,3514289	2,881044	0	
27.07.2020 11:27:18,875	0,3628519	2,882557	0	
27.07.2020 11:27:19,131	0,3321391	2,883661	0	
27.07.2020 11:27:19,382	0,2635463	2,8845	0	
27.07.2020 11:27:19,636	0,1301797	2,885036	0	
27.07.2020 11:27:19,888	0,07737142	2,885368	0	
27.07.2020 11:27:20,144	0,0705153	2,885594	0	
27.07.2020 11:27:20,396	0,06132827	2,885808	0	
27.07.2020 11:27:20,646	0,06057377	2,886082	0	
27.07.2020 11:27:20,906	0,07026591	2,886456	0	
27.07.2020 11:27:21,157	0,08880827	2,886914	0	
27.07.2020 11:27:21,412	0,1194112	2,887427	0	
27.07.2020 11:27:21,677	0,1227517	2,887961	0	
27.07.2020 11:27:21,948	0,1222309	2,888526	0	
27.07.2020 11:27:22,215	0,1213738	2,889004	0	
27.07.2020 11:27:22,467	0,1199327	2,889509	0	
27.07.2020 11:27:22,726	0,1178166	2,890002	0	
27.07.2020 11:27:22,985	0,1173563	2,890545	0	
27.07.2020 11:27:23,248	0,1166075	2,891004	0	
27.07.2020 11:27:23,505	0,1171978	2,891521	0	
27.07.2020 11:27:23,775	0,118569	2,892087	0	
27.07.2020 11:27:24,38	0,1193778	2,892571	0	
27.07.2020 11:27:24,309	0,120271	2,893138	0	
27.07.2020 11:27:24,574	0,1197419	2,893689	0	
27.07.2020 11:27:24,841	0,1861357	2,895991	0	
27.07.2020 11:27:25,108	0,8516566	2,903412	0	
27.07.2020 11:27:25,372	1,388467	2,911847	0	
27.07.2020 11:27:25,632	1,618783	2,919063	0	
27.07.2020 11:27:25,898	1,423507	2,92354	0	
27.07.2020 11:27:26,159	0,9034419	2,924774	0	
27.07.2020 11:27:26,410	0	2,924801	0	
27.07.2020 11:27:26,674	0	2,924801	0	
27.07.2020 11:27:26,935	0	2,924801	0	
27.07.2020 11:27:27,191	0	2,924801	0	
27.07.2020 11:27:27,441	0	2,924801	0	
27.07.2020 11:27:27,704	0	2,924801	0	
27.07.2020 11:27:27,958	0	2,924801	0	
27.07.2020 11:27:28,214	0	2,924801	0	
27.07.2020 11:27:28,470	0	2,924801	0	
27.07.2020 11:27:28,743	0	2,924801	0	
27.07.2020 11:27:29,14	0	2,924801	0	
27.07.2020 11:27:29,279	0	2,924801	0	
27.07.2020 11:27:29,541	0	2,924801	0	
27.07.2020 11:27:29,797	0	2,924801	0	
27.07.2020 11:27:30,69	0	2,924801	0	
27.07.2020 11:27:30,330	0	2,924801	0	
27.07.2020 11:27:30,590	0	2,924801	0	
27.07.2020 11:27:30,841	0	2,924801	0	
27.07.2020 11:27:31,97	0	2,924801	0	
27.07.2020 11:27:31,360	0,04903934	2,925728	0	
27.07.2020 11:27:31,626	0,136373	2,926732	0	
27.07.2020 11:27:31,877	0,137268	2,92721	0	
27.07.2020 11:27:32,145	0,06533898	2,927551	0	
27.07.2020 11:27:32,410	0	2,927668	0	
27.07.2020 11:27:32,666	0	2,927668	0	
27.07.2020 11:27:32,929	0	2,927668	0	
27.07.2020 11:27:33,200	0	2,927668	0	
27.07.2020 11:27:33,472	0	2,927668	0	
27.07.2020 11:27:33,726	0	2,927668	0	
27.07.2020 11:27:33,996	0	2,927668	0	
27.07.2020 11:27:34,253	0	2,927668	0	
27.07.2020 11:27:34,518	0	2,927678	0	
27.07.2020 11:27:34,790	0,09707696	2,92899	0	
27.07.2020 11:27:35,41	0,1332762	2,929844	0	
27.07.2020 11:27:35,299	1,076211	2,935922	0	
27.07.2020 11:27:35,560	1,618022	2,943653	0	
27.07.2020 11:27:35,826	1,618732	2,95218	0	
27.07.2020 11:27:36,78	1,525253	2,956633	0	
27.07.2020 11:27:36,339	1,088628	2,958767	0	
27.07.2020 11:27:36,592	0	2,958892	0	
27.07.2020 11:27:36,860	0	2,958892	0	
27.07.2020 11:27:37,134	0	2,958892	0	
27.07.2020 11:27:37,393	0	2,958892	0	
27.07.2020 11:27:37,648	0	2,958892	0	
27.07.2020 11:27:37,914	0	2,958892	0	
27.07.2020 11:27:38,186	0	2,958892	0	
27.07.2020 11:27:38,459	0	2,958892	0	
27.07.2020 11:27:38,725	0	2,958892	0	
27.07.2020 11:27:38,981	0	2,958892	0	
27.07.2020 11:27:39,244	0	2,958892	0	
27.07.2020 11:27:39,500	0	2,958892	0	
27.07.2020 11:27:39,761	0	2,958892	0	
27.07.2020 11:27:40,22	0	2,958892	0	
27.07.2020 11:27:40,277	0	2,958892	0	
27.07.2020 11:27:40,534	0	2,958892	0	
27.07.2020 11:27:40,790	0	2,958892	0	
27.07.2020 11:27:41,56	0	2,958892	0	
27.07.2020 11:27:41,311	0	2,958892	0	
27.07.2020 11:27:41,563	0	2,958892	0	
27.07.2020 11:27:41,814	0	2,958892	0	
27.07.2020 11:27:42,66	0	2,958892	0	
27.07.2020 11:27:42,334	0	2,958892	0	
27.07.2020 11:27:42,602	0	2,958892	0	
27.07.2020 11:27:42,866	0	2,958892	0	
27.07.2020 11:27:43,117	0	2,958892	0	
27.07.2020 11:27:43,370	0	2,958892	0	
27.07.2020 11:27:43,623	0	2,958892	0	
27.07.2020 11:27:43,895	0	2,958892	0	
27.07.2020 11:27:44,161	0	2,958892	0	
27.07.2020 11:27:44,415	0	2,958892	0	
27.07.2020 11:27:44,671	0	2,958892	0	
27.07.2020 11:27:44,935	0	2,958892	0	
27.07.2020 11:27:45,186	0	2,958892	0	
27.07.2020 11:27:45,441	0	2,958913	0	
27.07.2020 11:27:45,698	0,427741	2,967222	0	
27.07.2020 11:27:45,950	1,006668	2,977315	0	
27.07.2020 11:27:46,242	1,461062	2,985947	0	
27.07.2020 11:27:46,503	0,2128719	2,987662	0	
27.07.2020 11:27:46,768	0	2,987697	0	
27.07.2020 11:27:47,24	0	2,987697	0	
27.07.2020 11:27:47,282	0	2,987697	0	
27.07.2020 11:27:47,543	0	2,987697	0	
27.07.2020 11:27:47,813	0	2,987697	0	
27.07.2020 11:27:48,66	0	2,987697	0	
27.07.2020 11:27:48,323	0	2,987697	0	
27.07.2020 11:27:48,589	0	2,987697	0	
27.07.2020 11:27:48,843	0	2,987697	0	
27.07.2020 11:27:49,95	0	2,987697	0	
27.07.2020 11:27:49,362	0	2,987697	0	
27.07.2020 11:27:49,625	0	2,987697	0	
27.07.2020 11:27:49,878	0	2,987697	0	
27.07.2020 11:27:50,145	0	2,987697	0	
27.07.2020 11:27:50,413	0	2,987697	0	
27.07.2020 11:27:50,673	0	2,987697	0	
27.07.2020 11:27:50,944	0	2,987697	0	
27.07.2020 11:27:51,194	0	2,987697	0	
27.07.2020 11:27:51,466	0	2,987697	0	
27.07.2020 11:27:51,723	0	2,987697	0	
27.07.2020 11:27:51,989	0	2,987697	0	
27.07.2020 11:27:52,274	0	2,987697	0	
27.07.2020 11:27:52,533	0	2,987697	0	
27.07.2020 11:27:52,797	0	2,987697	0	
27.07.2020 11:27:53,65	0	2,987697	0	
27.07.2020 11:27:53,338	0	2,987697	0	
27.07.2020 11:27:53,606	0	2,987697	0	
27.07.2020 11:27:53,863	0	2,987697	0	
27.07.2020 11:27:54,114	0	2,987697	0	
27.07.2020 11:27:54,367	0	2,987697	0	
27.07.2020 11:27:54,619	0	2,987697	0	
27.07.2020 11:27:54,887	0	2,987697	0	
27.07.2020 11:27:55,139	0	2,987697	0	
27.07.2020 11:27:55,410	0	2,987697	0	
27.07.2020 11:27:55,679	0	2,987697	0	
27.07.2020 11:27:55,948	0,275656	2,992775	0	
27.07.2020 11:27:56,205	0,8825681	3,002648	0	
27.07.2020 11:27:56,463	1,34683	3,012295	0	
27.07.2020 11:27:56,734	0,5056028	3,016184	0	
27.07.2020 11:27:56,985	0	3,016518	0	
27.07.2020 11:27:57,244	0	3,016518	0	
27.07.2020 11:27:57,512	0	3,016518	0	
27.07.2020 11:27:57,770	0	3,016518	0	
27.07.2020 11:27:58,25	0	3,016518	0	
27.07.2020 11:27:58,307	0	3,016518	0	
27.07.2020 11:27:58,569	0	3,016518	0	
27.07.2020 11:27:58,828	0	3,016518	0	
27.07.2020 11:27:59,91	0	3,016518	0	
27.07.2020 11:27:59,347	0	3,016518	0	
27.07.2020 11:27:59,607	0	3,016518	0	
27.07.2020 11:27:59,880	0	3,016518	0	
27.07.2020 11:28:00,143	0	3,016518	0	
27.07.2020 11:28:00,407	0	3,016518	0	
27.07.2020 11:28:00,669	0	3,016518	0	
27.07.2020 11:28:00,931	0	3,016518	0	
27.07.2020 11:28:01,202	0	3,016518	0	
27.07.2020 11:28:01,458	0	3,016518	0	
27.07.2020 11:28:01,717	0	3,016518	0	
27.07.2020 11:28:01,988	0	3,016518	0	
27.07.2020 11:28:02,253	0	3,016518	0	
27.07.2020 11:28:02,508	0	3,016518	0	
27.07.2020 11:28:02,760	0	3,016518	0	
27.07.2020 11:28:03,19	0	3,016518	0	
27.07.2020 11:28:03,275	0	3,016518	0	
27.07.2020 11:28:03,529	0	3,016518	0	
27.07.2020 11:28:03,782	0	3,016518	0	
27.07.2020 11:28:04,33	0	3,016518	0	
27.07.2020 11:28:04,333	0	3,016518	0	
27.07.2020 11:28:04,604	0	3,016518	0	
27.07.2020 11:28:04,872	0	3,016518	0	
27.07.2020 11:28:05,135	0	3,016518	0	
27.07.2020 11:28:05,406	0	3,016518	0	
27.07.2020 11:28:05,667	0	3,016518	0	
27.07.2020 11:28:05,928	0	3,016518	0	
27.07.2020 11:28:06,184	0,09685542	3,018998	0	
27.07.2020 11:28:06,437	0,6728314	3,029101	0	
27.07.2020 11:28:06,708	1,248052	3,039945	0	
27.07.2020 11:28:06,968	0,7498766	3,044225	0	
27.07.2020 11:28:07,238	0	3,044888	0	
27.07.2020 11:28:07,509	0	3,044888	0	
27.07.2020 11:28:07,782	0	3,044888	0	
27.07.2020 11:28:08,42	0	3,044888	0	
27.07.2020 11:28:08,308	0	3,044888	0	
27.07.2020 11:28:08,564	0	3,044888	0	
27.07.2020 11:28:08,838	0	3,044888	0	
27.07.2020 11:28:09,107	0	3,044888	0	
27.07.2020 11:28:09,373	0	3,044888	0	
27.07.2020 11:28:09,633	0	3,044888	0	
27.07.2020 11:28:09,904	0	3,044888	0	
27.07.2020 11:28:10,157	0	3,044888	0	
27.07.2020 11:28:10,413	0	3,044888	0	
27.07.2020 11:28:10,683	0	3,044888	0	
27.07.2020 11:28:10,956	0	3,044888	0	
27.07.2020 11:28:11,208	0	3,044888	0	
27.07.2020 11:28:11,472	0	3,044888	0	
27.07.2020 11:28:11,728	0	3,044888	0	
27.07.2020 11:28:11,987	0	3,044888	0	
27.07.2020 11:28:12,239	0	3,044888	0	
27.07.2020 11:28:12,507	0	3,044888	0	
27.07.2020 11:28:12,765	0	3,044888	0	
27.07.2020 11:28:13,31	0	3,044888	0	
27.07.2020 11:28:13,284	0	3,044888	0	
27.07.2020 11:28:13,545	0	3,044888	0	
27.07.2020 11:28:13,800	0	3,044888	0	
27.07.2020 11:28:14,62	0	3,044888	0	
27.07.2020 11:28:14,331	0	3,044888	0	
27.07.2020 11:28:14,603	0	3,044888	0	
27.07.2020 11:28:14,858	0	3,044888	0	
27.07.2020 11:28:15,120	0	3,044888	0	
27.07.2020 11:28:15,383	0	3,044888	0	
27.07.2020 11:28:15,636	0	3,044888	0	
27.07.2020 11:28:15,899	0	3,044888	0	
27.07.2020 11:28:16,155	0	3,044888	0	
27.07.2020 11:28:16,422	0	3,045286	0	
27.07.2020 11:28:16,680	0,5246233	3,05455	0	
27.07.2020 11:28:16,935	1,091728	3,06441	0	
27.07.2020 11:28:17,199	1,442337	3,071908	0	
27.07.2020 11:28:17,462	0,232436	3,07371	0	
27.07.2020 11:28:17,724	0	3,07376	0	
27.07.2020 11:28:17,988	0	3,07376	0	
27.07.2020 11:28:18,246	0	3,07376	0	
27.07.2020 11:28:18,497	0	3,07376	0	
27.07.2020 11:28:18,749	0	3,07376	0	
27.07.2020 11:28:19,9	0	3,07376	0	
27.07.2020 11:28:19,279	0	3,07376	0	
27.07.2020 11:28:19,539	0	3,07376	0	
27.07.2020 11:28:19,808	0	3,07376	0	
27.07.2020 11:28:20,81	0	3,07376	0	
27.07.2020 11:28:20,348	0	3,07376	0	
27.07.2020 11:28:20,620	0	3,07376	0	
27.07.2020 11:28:20,873	0	3,07376	0	
27.07.2020 11:28:21,124	0	3,07376	0	
27.07.2020 11:28:21,395	0	3,07376	0	
27.07.2020 11:28:21,658	0	3,07376	0	
27.07.2020 11:28:21,912	0	3,07376	0	
27.07.2020 11:28:22,180	0	3,07376	0	
27.07.2020 11:28:22,447	0	3,07376	0	
27.07.2020 11:28:22,714	0	3,07376	0	
27.07.2020 11:28:22,979	0	3,07376	0	
27.07.2020 11:28:23,247	0	3,07376	0	
27.07.2020 11:28:23,501	0	3,07376	0	
27.07.2020 11:28:23,754	0	3,07376	0	
27.07.2020 11:28:24,23	0	3,07376	0	
27.07.2020 11:28:24,275	0	3,07376	0	
27.07.2020 11:28:24,525	0	3,07376	0	
27.07.2020 11:28:24,781	0	3,07376	0	
27.07.2020 11:28:25,47	0	3,07376	0	
27.07.2020 11:28:25,299	0	3,07376	0	
27.07.2020 11:28:25,556	0	3,07376	0	
27.07.2020 11:28:25,816	0	3,07376	0	
27.07.2020 11:28:26,86	0	3,07376	0	
27.07.2020 11:28:26,352	0	3,07376	0	
27.07.2020 11:28:26,619	0	3,07376	0	
27.07.2020 11:28:26,876	0,2872098	3,079808	0	
27.07.2020 11:28:27,131	0,8889059	3,089704	0	
27.07.2020 11:28:27,382	1,349177	3,098558	0	
27.07.2020 11:28:27,645	0,4894504	3,102258	0	
27.07.2020 11:28:27,915	0	3,102697	0	
27.07.2020 11:28:28,166	0	3,102697	0	
27.07.2020 11:28:28,463	0	3,102697	0	
27.07.2020 11:28:28,733	0	3,102697	0	
27.07.2020 11:28:28,993	0	3,102697	0	
27.07.2020 11:28:29,246	0	3,102697	0	
27.07.2020 11:28:29,515	0	3,102697	0	
27.07.2020 11:28:29,771	0	3,102697	0	
27.07.2020 11:28:30,34	0	3,102697	0	
27.07.2020 11:28:30,299	0	3,102697	0	
27.07.2020 11:28:30,557	0	3,102697	0	
27.07.2020 11:28:30,816	0	3,102697	0	
27.07.2020 11:28:31,84	0	3,102697	0	
27.07.2020 11:28:31,335	0	3,102697	0	
27.07.2020 11:28:31,599	0	3,102697	0	
27.07.2020 11:28:31,867	0	3,102697	0	
27.07.2020 11:28:32,138	0	3,102697	0	
27.07.2020 11:28:32,389	0	3,102697	0	
27.07.2020 11:28:32,644	0	3,102697	0	
27.07.2020 11:28:32,902	0	3,102697	0	
27.07.2020 11:28:33,167	0	3,102697	0	
27.07.2020 11:28:33,423	0	3,102697	0	
27.07.2020 11:28:33,681	0	3,102697	0	
27.07.2020 11:28:33,936	0	3,102697	0	
27.07.2020 11:28:34,190	0	3,102697	0	
27.07.2020 11:28:34,449	0	3,102697	0	
27.07.2020 11:28:34,712	0	3,102697	0	
27.07.2020 11:28:34,973	0	3,102697	0	
27.07.2020 11:28:35,224	0	3,102697	0	
27.07.2020 11:28:35,487	0	3,102697	0	
27.07.2020 11:28:35,742	0	3,102697	0	
27.07.2020 11:28:36,13	0	3,102697	0	
27.07.2020 11:28:36,264	0	3,102697	0	
27.07.2020 11:28:36,523	0	3,102697	0	
27.07.2020 11:28:36,778	0,1088896	3,10422	0	
27.07.2020 11:28:37,37	0,4470331	3,108561	0	
27.07.2020 11:28:37,290	1,290927	3,115546	0	
27.07.2020 11:28:37,558	1,618085	3,123981	0	
27.07.2020 11:28:37,809	1,603263	3,130416	0	
27.07.2020 11:28:38,79	1,297527	3,133839	0	
27.07.2020 11:28:38,338	0,6987589	3,134489	0	
27.07.2020 11:28:38,608	0	3,134489	0	
27.07.2020 11:28:38,859	0	3,134489	0	
27.07.2020 11:28:39,131	0	3,134489	0	
27.07.2020 11:28:39,399	0	3,134489	0	
27.07.2020 11:28:39,666	0	3,134489	0	
27.07.2020 11:28:39,931	0	3,134489	0	
27.07.2020 11:28:40,198	0	3,134489	0	
27.07.2020 11:28:40,469	0	3,134489	0	
27.07.2020 11:28:40,734	0	3,134489	0	
27.07.2020 11:28:40,986	0	3,134489	0	
27.07.2020 11:28:41,248	0	3,134489	0	
27.07.2020 11:28:41,503	0	3,134489	0	
27.07.2020 11:28:41,770	0	3,134489	0	
27.07.2020 11:28:42,32	0	3,134489	0	
27.07.2020 11:28:42,291	0	3,134489	0	
27.07.2020 11:28:42,545	0	3,134489	0	
27.07.2020 11:28:42,806	0	3,134489	0	
27.07.2020 11:28:43,77	0	3,134489	0	
27.07.2020 11:28:43,333	0	3,134489	0	
27.07.2020 11:28:43,601	0	3,134764	0	
27.07.2020 11:28:43,862	0,1474611	3,136517	0	
27.07.2020 11:28:44,117	0,204248	3,137598	0	
27.07.2020 11:28:44,374	0,2132358	3,13852	0	
27.07.2020 11:28:44,637	0,2099126	3,139401	0	
27.07.2020 11:28:44,896	0,2107552	3,140335	0	
27.07.2020 11:28:45,146	0,2168166	3,141256	0	
27.07.2020 11:28:45,399	0,2280349	3,142314	0	
27.07.2020 11:28:45,655	0,2437279	3,14341	0	
27.07.2020 11:28:45,918	0,2488932	3,144501	0	
27.07.2020 11:28:46,172	0,250102	3,145511	0	
27.07.2020 11:28:46,431	0,2504297	3,146596	0	
27.07.2020 11:28:46,682	0,2491025	3,147661	0	
27.07.2020 11:28:46,952	0,2475581	3,148722	0	
27.07.2020 11:28:47,219	0,2676405	3,15072	0	
27.07.2020 11:28:47,470	0,7680896	3,157971	0	
27.07.2020 11:28:47,727	1,283016	3,165929	0	
27.07.2020 11:28:47,988	1,589872	3,173449	0	
27.07.2020 11:28:48,238	1,582106	3,180255	0	
27.07.2020 11:28:48,495	1,269425	3,18317	0	
27.07.2020 11:28:48,750	0,6942843	3,183899	0	
27.07.2020 11:28:49,3	0	3,183899	0	
27.07.2020 11:28:49,254	0	3,183899	0	
27.07.2020 11:28:49,507	0	3,183899	0	
27.07.2020 11:28:49,777	0	3,183899	0	
27.07.2020 11:28:50,49	0	3,183899	0	
27.07.2020 11:28:50,320	0	3,183899	0	
27.07.2020 11:28:50,593	0	3,183899	0	
27.07.2020 11:28:50,858	0	3,183899	0	
27.07.2020 11:28:51,109	0,09613024	3,185311	0	
27.07.2020 11:28:51,375	0,2519152	3,187394	0	
27.07.2020 11:28:51,639	0,3350774	3,189035	0	
27.07.2020 11:28:51,893	0,3325093	3,190377	0	
27.07.2020 11:28:52,155	0,3014701	3,191465	0	
27.07.2020 11:28:52,421	0,2514099	3,192404	0	
27.07.2020 11:28:52,674	0,2076035	3,19323	0	
27.07.2020 11:28:52,945	0,2065984	3,194194	0	
27.07.2020 11:28:53,200	0,2137252	3,19522	0	
27.07.2020 11:28:53,463	0,2506559	3,19655	0	
27.07.2020 11:28:53,733	0,3440965	3,19834	0	
27.07.2020 11:28:53,991	0,4442824	3,200247	0	
27.07.2020 11:28:54,251	0,4495955	3,202096	0	
27.07.2020 11:28:54,507	0,4559228	3,204124	0	
27.07.2020 11:28:54,782	0,4586181	3,206281	0	
27.07.2020 11:28:55,38	0,4559645	3,208228	0	
27.07.2020 11:28:55,308	0,4511612	3,210141	0	
27.07.2020 11:28:55,565	0,4452239	3,212157	0	
27.07.2020 11:28:55,829	0,4402835	3,21388	0	
27.07.2020 11:28:56,92	0,4373916	3,215752	0	
27.07.2020 11:28:56,346	0,435725	3,217629	0	
27.07.2020 11:28:56,601	0,4357202	3,219518	0	
27.07.2020 11:28:56,869	0,4356493	3,221404	0	
27.07.2020 11:28:57,140	0,4352336	3,223431	0	
27.07.2020 11:28:57,411	0,4357469	3,225349	0	
27.07.2020 11:28:57,671	0,7100536	3,230955	0	
27.07.2020 11:28:57,922	1,147399	3,238914	0	
27.07.2020 11:28:58,195	1,542434	3,247762	0	
27.07.2020 11:28:58,447	1,602192	3,255553	0	
27.07.2020 11:28:58,718	1,573898	3,262754	0	
27.07.2020 11:28:58,969	1,233323	3,265453	0	
27.07.2020 11:28:59,227	0,6681827	3,266353	0	
27.07.2020 11:28:59,481	0,1021203	3,266563	0	
27.07.2020 11:28:59,741	0,002525926	3,266632	0	
27.07.2020 11:29:00,12	0,03342919	3,267078	0	
27.07.2020 11:29:00,279	0,1526415	3,268198	0	
27.07.2020 11:29:00,533	0,3740416	3,269815	0	
27.07.2020 11:29:00,785	0,4211699	3,271544	0	
27.07.2020 11:29:01,47	0,4330254	3,273663	0	
27.07.2020 11:29:01,304	0,442347	3,275481	0	
27.07.2020 11:29:01,556	0,4432383	3,277393	0	
27.07.2020 11:29:01,814	0,4390747	3,279251	0	
27.07.2020 11:29:02,67	0,4337477	3,28108	0	
27.07.2020 11:29:02,327	0,4286938	3,282755	0	
27.07.2020 11:29:02,584	0,4266797	3,284589	0	
27.07.2020 11:29:02,835	0,4263986	3,286438	0	
27.07.2020 11:29:03,107	0,4275955	3,288302	0	
27.07.2020 11:29:03,362	0,429833	3,290186	0	
27.07.2020 11:29:03,620	0,4318592	3,292073	0	
27.07.2020 11:29:03,876	0,4340565	3,293978	0	
27.07.2020 11:29:04,142	0,4362343	3,295887	0	
27.07.2020 11:29:04,407	0,4379539	3,2978	0	
27.07.2020 11:29:04,665	0,439649	3,29972	0	
27.07.2020 11:29:04,919	0,4403446	3,301631	0	
27.07.2020 11:29:05,186	0,4410422	3,30355	0	
27.07.2020 11:29:05,439	0,4418123	3,30547	0	
27.07.2020 11:29:05,700	0,4420625	3,307392	0	
27.07.2020 11:29:05,964	0,4433672	3,30933	0	
27.07.2020 11:29:06,216	0,4493011	3,31136	0	
27.07.2020 11:29:06,474	0,4788304	3,313678	0	
27.07.2020 11:29:06,738	0,5466569	3,316298	0	
27.07.2020 11:29:07,12	0,6424596	3,319115	0	
27.07.2020 11:29:07,272	0,6580527	3,322289	0	
27.07.2020 11:29:07,529	0,6672637	3,325254	0	
27.07.2020 11:29:07,784	0,6753229	3,328269	0	
27.07.2020 11:29:08,38	0,9842492	3,335527	0	
27.07.2020 11:29:08,304	1,331051	3,343433	0	
27.07.2020 11:29:08,577	1,589673	3,352216	0	
27.07.2020 11:29:08,845	1,603943	3,360626	0	
27.07.2020 11:29:09,95	1,60903	3,369103	0	
27.07.2020 11:29:09,359	1,485003	3,373908	0	
27.07.2020 11:29:09,615	1,076143	3,376048	0	
27.07.2020 11:29:09,865	0,5392147	3,377277	0	
27.07.2020 11:29:10,122	0,2280264	3,378262	0	
27.07.2020 11:29:10,389	0,2545422	3,379692	0	
27.07.2020 11:29:10,646	0,3300214	3,381599	0	
27.07.2020 11:29:10,915	0,4744526	3,383979	0	
27.07.2020 11:29:11,181	0,6298781	3,386671	0	
27.07.2020 11:29:11,440	0,637348	3,389515	0	
27.07.2020 11:29:11,711	0,6465567	3,392614	0	
27.07.2020 11:29:11,966	0,6516434	3,395475	0	
27.07.2020 11:29:12,221	0,6518841	3,398075	0	
27.07.2020 11:29:12,474	0,6499051	3,400657	0	
27.07.2020 11:29:12,725	0,6479676	3,403444	0	
27.07.2020 11:29:12,976	0,646186	3,406227	0	
27.07.2020 11:29:13,229	0,6461744	3,409035	0	
27.07.2020 11:29:13,484	0,6480313	3,411645	0	
27.07.2020 11:29:13,749	0,6508997	3,414493	0	
27.07.2020 11:29:14,15	0,6550189	3,417589	0	
27.07.2020 11:29:14,281	0,657966	3,420466	0	
27.07.2020 11:29:14,538	0,6604765	3,423352	0	
27.07.2020 11:29:14,792	0,6626129	3,426241	0	
27.07.2020 11:29:15,63	0,6642975	3,429363	0	
27.07.2020 11:29:15,326	0,6670087	3,43205	0	
27.07.2020 11:29:15,589	0,6683809	3,435181	0	
27.07.2020 11:29:15,851	0,6698801	3,438099	0	
27.07.2020 11:29:16,106	0,6717483	3,440801	0	
27.07.2020 11:29:16,364	0,6724099	3,443725	0	
27.07.2020 11:29:16,615	0,6739271	3,446662	0	
27.07.2020 11:29:16,879	0,6745664	3,449587	0	
27.07.2020 11:29:17,152	0,6755387	3,452523	0	
27.07.2020 11:29:17,418	0,6770118	3,455696	0	
27.07.2020 11:29:17,684	0,6779267	3,458643	0	
27.07.2020 11:29:17,940	0,6792574	3,461604	0	
27.07.2020 11:29:18,199	0,7820539	3,466666	0	
27.07.2020 11:29:18,457	1,16035	3,47446	0	
27.07.2020 11:29:18,713	1,471013	3,481921	0	
27.07.2020 11:29:18,975	1,598931	3,490877	0	
27.07.2020 11:29:19,244	1,606056	3,499459	0	
27.07.2020 11:29:19,504	1,610771	3,508304	0	
27.07.2020 11:29:19,768	1,614083	3,517433	0	
27.07.2020 11:29:20,37	1,615185	3,526064	0	
27.07.2020 11:29:20,294	1,364904	3,529754	0	
27.07.2020 11:29:20,549	0,9581819	3,53201	0	
27.07.2020 11:29:20,801	0,6045409	3,534205	0	
27.07.2020 11:29:21,61	0,5696434	3,536777	0	
27.07.2020 11:29:21,319	0,6276717	3,539982	0	
27.07.2020 11:29:21,590	0,7711479	3,543746	0	
27.07.2020 11:29:21,861	0,9664223	3,548224	0	
27.07.2020 11:29:22,119	0,9904046	3,552586	0	
27.07.2020 11:29:22,393	0,9998083	3,557335	0	
27.07.2020 11:29:22,656	1,005297	3,561729	0	
27.07.2020 11:29:22,909	1,004745	3,566068	0	
27.07.2020 11:29:23,173	1,001236	3,57004	0	
27.07.2020 11:29:23,446	0,9976924	3,574998	0	
27.07.2020 11:29:23,709	0,9953358	3,578964	0	
27.07.2020 11:29:23,965	0,995895	3,583289	0	
27.07.2020 11:29:24,225	0,9977102	3,587628	0	
27.07.2020 11:29:24,495	1,000683	3,592329	0	
27.07.2020 11:29:24,765	1,004914	3,596719	0	
27.07.2020 11:29:25,36	1,008494	3,601465	0	
27.07.2020 11:29:25,294	1,012853	3,605893	0	
27.07.2020 11:29:25,564	1,0155	3,610312	0	
27.07.2020 11:29:25,834	1,017922	3,615084	0	
27.07.2020 11:29:26,87	1,019658	3,619176	0	
27.07.2020 11:29:26,349	1,020086	3,623603	0	
27.07.2020 11:29:26,621	1,021544	3,628386	0	
27.07.2020 11:29:26,884	1,02295	3,632829	0	
27.07.2020 11:29:27,143	1,024226	3,63728	0	
27.07.2020 11:29:27,400	1,025371	3,641732	0	
27.07.2020 11:29:27,651	1,026381	3,646186	0	
27.07.2020 11:29:27,907	1,027093	3,650305	0	
27.07.2020 11:29:28,158	1,028011	3,654767	0	
27.07.2020 11:29:28,409	1,042835	3,659338	0	
27.07.2020 11:29:28,681	1,266406	3,667472	0	
27.07.2020 11:29:28,954	1,481146	3,67599	0	
27.07.2020 11:29:29,215	1,584151	3,684173	0	
27.07.2020 11:29:29,482	1,596274	3,692611	0	
27.07.2020 11:29:29,744	1,604297	3,701294	0	
27.07.2020 11:29:29,998	1,609607	3,710241	0	
27.07.2020 11:29:30,249	1,613121	3,719453	0	
27.07.2020 11:29:30,519	1,57846	3,726079	0	
27.07.2020 11:29:30,781	1,276263	3,729482	0	
27.07.2020 11:29:31,36	0,8735368	3,732004	0	
27.07.2020 11:29:31,305	0,6145117	3,734575	0	
27.07.2020 11:29:31,574	0,6510297	3,737889	0	
27.07.2020 11:29:31,838	0,7351998	3,741598	0	
27.07.2020 11:29:32,109	0,8952378	3,745755	0	
27.07.2020 11:29:32,360	1,02131	3,750178	0	
27.07.2020 11:29:32,626	1,030033	3,75472	0	
27.07.2020 11:29:32,879	1,036095	3,759259	0	
27.07.2020 11:29:33,150	1,037626	3,763759	0	
27.07.2020 11:29:33,423	1,034829	3,768553	0	
27.07.2020 11:29:33,686	1,029028	3,772966	0	
27.07.2020 11:29:33,947	1,025487	3,777383	0	
27.07.2020 11:29:34,206	1,023575	3,781801	0	
27.07.2020 11:29:34,463	1,023419	3,786238	0	
27.07.2020 11:29:34,731	1,02476	3,790689	0	
27.07.2020 11:29:34,985	1,026307	3,795149	0	
27.07.2020 11:29:35,256	1,028531	3,799976	0	
27.07.2020 11:29:35,516	1,030688	3,804116	0	
27.07.2020 11:29:35,783	1,032723	3,808956	0	
27.07.2020 11:29:36,34	1,034744	3,813442	0	
27.07.2020 11:29:36,302	1,023707	3,817724	0	
27.07.2020 11:29:36,561	0,9850007	3,821668	0	
27.07.2020 11:29:36,814	0,9091632	3,825286	0	
27.07.2020 11:29:37,64	0,8054079	3,828442	0	
27.07.2020 11:29:37,315	0,7880429	3,831794	0	
27.07.2020 11:29:37,587	0,7826076	3,835145	0	
27.07.2020 11:29:37,859	0,7830132	3,838813	0	
27.07.2020 11:29:38,119	0,7878387	3,842279	0	
27.07.2020 11:29:38,386	0,7955348	3,845796	0	
27.07.2020 11:29:38,654	0,8056038	3,849775	0	
27.07.2020 11:29:38,905	1,051169	3,856228	0	
27.07.2020 11:29:39,178	1,353684	3,864645	0	
27.07.2020 11:29:39,436	1,579446	3,872725	0	
27.07.2020 11:29:39,706	1,605357	3,881029	0	
27.07.2020 11:29:39,975	1,610309	3,890254	0	
27.07.2020 11:29:40,245	1,613786	3,899742	0	
27.07.2020 11:29:40,505	1,548368	3,905341	0	
27.07.2020 11:29:40,756	1,232398	3,908612	0	
27.07.2020 11:29:41,21	0,7547264	3,910038	0	
27.07.2020 11:29:41,277	0,3646359	3,911571	0	
27.07.2020 11:29:41,544	0,3949482	3,913469	0	
27.07.2020 11:29:41,802	0,4647894	3,915961	0	
27.07.2020 11:29:42,73	0,6256	3,919228	0	
27.07.2020 11:29:42,339	0,7832218	3,922599	0	
27.07.2020 11:29:42,599	0,7932023	3,926146	0	
27.07.2020 11:29:42,849	0,8038231	3,929717	0	
27.07.2020 11:29:43,104	0,8086263	3,932986	0	
27.07.2020 11:29:43,371	0,8092798	3,936489	0	
27.07.2020 11:29:43,641	0,8061864	3,940216	0	
27.07.2020 11:29:43,911	0,8032025	3,943678	0	
27.07.2020 11:29:44,165	0,801661	3,94714	0	
27.07.2020 11:29:44,427	0,8017234	3,950618	0	
27.07.2020 11:29:44,697	0,8036884	3,954383	0	
27.07.2020 11:29:44,949	0,8052805	3,957621	0	
27.07.2020 11:29:45,203	0,8078717	3,961149	0	
27.07.2020 11:29:45,464	0,8111852	3,964695	0	
27.07.2020 11:29:45,729	0,8134795	3,96824	0	
27.07.2020 11:29:45,999	0,8159294	3,972071	0	
27.07.2020 11:29:46,250	0,8172694	3,975621	0	
27.07.2020 11:29:46,518	0,8179438	3,97917	0	
27.07.2020 11:29:46,777	0,8186787	3,982724	0	
27.07.2020 11:29:47,35	0,8190527	3,986282	0	
27.07.2020 11:29:47,297	0,8200183	3,989845	0	
27.07.2020 11:29:47,563	0,8206122	3,993405	0	
27.07.2020 11:29:47,823	0,8208874	3,996963	0	
27.07.2020 11:29:48,94	0,8214762	4,0008	0	
27.07.2020 11:29:48,366	0,8212734	4,004362	0	
27.07.2020 11:29:48,633	0,8221859	4,00821	0	
27.07.2020 11:29:48,886	0,8222992	4,011499	0	
27.07.2020 11:29:49,144	0,9530262	4,017406	0	
27.07.2020 11:29:49,409	1,282949	4,025842	0	
27.07.2020 11:29:49,669	1,525574	4,033933	0	
27.07.2020 11:29:49,927	1,60018	4,041626	0	
27.07.2020 11:29:50,184	1,606882	4,050179	0	
27.07.2020 11:29:50,440	1,611038	4,058914	0	
27.07.2020 11:29:50,712	1,50976	4,064528	0	
27.07.2020 11:29:50,971	1,070518	4,066556	0	
27.07.2020 11:29:51,240	0,4602152	4,067153	0	
27.07.2020 11:29:51,497	0,03005994	4,067313	0	
27.07.2020 11:29:51,764	0,03942056	4,067613	0	
27.07.2020 11:29:52,31	0,1297778	4,068805	0	
27.07.2020 11:29:52,285	0,3167197	4,070596	0	
27.07.2020 11:29:52,536	0,5100235	4,072605	0	
27.07.2020 11:29:52,797	0,5260016	4,074961	0	
27.07.2020 11:29:53,64	0,534368	4,077524	0	
27.07.2020 11:29:53,321	0,5371883	4,079687	0	
27.07.2020 11:29:53,588	0,5341286	4,081967	0	
27.07.2020 11:29:53,839	0,5295376	4,084216	0	
27.07.2020 11:29:54,114	0,5253476	4,086631	0	
27.07.2020 11:29:54,377	0,5221979	4,088873	0	
27.07.2020 11:29:54,636	0,522678	4,091151	0	
27.07.2020 11:29:54,892	0,5246176	4,093441	0	
27.07.2020 11:29:55,163	0,5272677	4,095753	0	
27.07.2020 11:29:55,426	0,5314896	4,098089	0	
27.07.2020 11:29:55,695	0,5335668	4,100602	0	
27.07.2020 11:29:55,953	0,5354197	4,102757	0	
27.07.2020 11:29:56,213	0,5359541	4,105262	0	
27.07.2020 11:29:56,482	0,5366743	4,107595	0	
27.07.2020 11:29:56,747	0,5373636	4,109927	0	
27.07.2020 11:29:57,4	0,5376921	4,112261	0	
27.07.2020 11:29:57,266	0,5390928	4,114794	0	
27.07.2020 11:29:57,531	0,5403466	4,116964	0	
27.07.2020 11:29:57,803	0,5411713	4,119497	0	
27.07.2020 11:29:58,75	0,5417176	4,122026	0	
27.07.2020 11:29:58,338	0,5413809	4,12437	0	
27.07.2020 11:29:58,596	0,5419787	4,126725	0	
27.07.2020 11:29:58,855	0,5419847	4,129074	0	
27.07.2020 11:29:59,118	0,5424125	4,131431	0	
27.07.2020 11:29:59,390	0,6148098	4,135751	0	
27.07.2020 11:29:59,651	1,050501	4,143445	0	
27.07.2020 11:29:59,908	1,421447	4,150786	0	
27.07.2020 11:30:00,175	1,599057	4,159607	0	
27.07.2020 11:30:00,444	1,606139	4,168661	0	
27.07.2020 11:30:00,708	1,534449	4,174043	0	
27.07.2020 11:30:00,981	1,151763	4,176777	0	
27.07.2020 11:30:01,232	0,5911292	4,177775	0	
27.07.2020 11:30:01,497	0,112625	4,1783	0	
27.07.2020 11:30:01,760	0,1305422	4,178981	0	
27.07.2020 11:30:02,13	0,1883018	4,180221	0	
27.07.2020 11:30:02,272	0,3200579	4,181998	0	
27.07.2020 11:30:02,534	0,5037177	4,183963	0	
27.07.2020 11:30:02,800	0,5183254	4,186459	0	
27.07.2020 11:30:03,57	0,5273914	4,188827	0	
27.07.2020 11:30:03,314	0,5333027	4,191001	0	
27.07.2020 11:30:03,569	0,5328292	4,193297	0	
27.07.2020 11:30:03,826	0,5293353	4,195557	0	
27.07.2020 11:30:04,91	0,5252533	4,197968	0	
27.07.2020 11:30:04,359	0,521935	4,200203	0	
27.07.2020 11:30:04,628	0,5211172	4,202638	0	
27.07.2020 11:30:04,884	0,5220287	4,205082	0	
27.07.2020 11:30:05,154	0,5238065	4,207196	0	
27.07.2020 11:30:05,409	0,525763	4,209311	0	
27.07.2020 11:30:05,666	0,5254522	4,211758	0	
27.07.2020 11:30:05,932	0,5249919	4,213854	0	
27.07.2020 11:30:06,201	0,5237255	4,216285	0	
27.07.2020 11:30:06,474	0,5227028	4,218719	0	
27.07.2020 11:30:06,738	0,5238096	4,221	0	
27.07.2020 11:30:06,999	0,5250348	4,223286	0	
27.07.2020 11:30:07,258	0,5267744	4,225587	0	
27.07.2020 11:30:07,531	0,5285156	4,227892	0	
27.07.2020 11:30:07,792	0,5302173	4,230384	0	
27.07.2020 11:30:08,46	0,5319933	4,232695	0	
27.07.2020 11:30:08,300	0,5264708	4,23472	0	
27.07.2020 11:30:08,571	0,502036	4,236866	0	
27.07.2020 11:30:08,834	0,4560505	4,238658	0	
27.07.2020 11:30:09,107	0,3960119	4,240347	0	
27.07.2020 11:30:09,376	0,3907717	4,242131	0	
27.07.2020 11:30:09,635	0,40323	4,244495	0	
27.07.2020 11:30:09,899	0,8411659	4,25183	0	
27.07.2020 11:30:10,157	1,298059	4,25979	0	
27.07.2020 11:30:10,417	1,587292	4,267959	0	
27.07.2020 11:30:10,676	1,603853	4,276277	0	
27.07.2020 11:30:10,938	1,486305	4,281363	0	
27.07.2020 11:30:11,190	1,046209	4,283048	0	
27.07.2020 11:30:11,448	0,428149	4,283565	0	
27.07.2020 11:30:11,703	0	4,283577	0	
27.07.2020 11:30:11,955	0	4,283577	0	
27.07.2020 11:30:12,206	0	4,283577	0	
27.07.2020 11:30:12,462	0	4,283577	0	
27.07.2020 11:30:12,712	0,1506045	4,285806	0	
27.07.2020 11:30:12,973	0,3501961	4,288123	0	
27.07.2020 11:30:13,234	0,4789132	4,290449	0	
27.07.2020 11:30:13,499	0,4853347	4,292641	0	
27.07.2020 11:30:13,770	0,4537874	4,294398	0	
27.07.2020 11:30:14,36	0,4066335	4,296133	0	
27.07.2020 11:30:14,306	0,3681837	4,297826	0	
27.07.2020 11:30:14,574	0,366912	4,299291	0	
27.07.2020 11:30:14,842	0,3706038	4,301069	0	
27.07.2020 11:30:15,114	0,3777006	4,302763	0	
27.07.2020 11:30:15,379	0,385467	4,304636	0	
27.07.2020 11:30:15,637	0,3924925	4,306396	0	
27.07.2020 11:30:15,893	0,3970771	4,308158	0	
27.07.2020 11:30:16,148	0,4010566	4,309794	0	
27.07.2020 11:30:16,402	0,4028367	4,311554	0	
27.07.2020 11:30:16,657	0,4038907	4,313313	0	
27.07.2020 11:30:16,920	0,4053088	4,315081	0	
27.07.2020 11:30:17,192	0,4058082	4,316843	0	
27.07.2020 11:30:17,451	0,4068986	4,318755	0	
27.07.2020 11:30:17,712	0,4076464	4,320529	0	
27.07.2020 11:30:17,985	0,4084925	4,322306	0	
27.07.2020 11:30:18,256	0,4092379	4,324217	0	
27.07.2020 11:30:18,519	0,4085817	4,325982	0	
27.07.2020 11:30:18,775	0,4087655	4,327757	0	
27.07.2020 11:30:19,40	0,4091037	4,329534	0	
27.07.2020 11:30:19,294	0,4091898	4,331309	0	
27.07.2020 11:30:19,556	0,409858	4,332952	0	
27.07.2020 11:30:19,822	0,4092953	4,334868	0	
27.07.2020 11:30:20,76	0,6175464	4,340108	0	
27.07.2020 11:30:20,338	1,10431	4,348039	0	
27.07.2020 11:30:20,595	1,497199	4,356209	0	
27.07.2020 11:30:20,862	1,600774	4,364648	0	
27.07.2020 11:30:21,132	1,554163	4,371428	0	
27.07.2020 11:30:21,403	1,177246	4,373886	0	
27.07.2020 11:30:21,664	0,5822167	4,374613	0	
27.07.2020 11:30:21,927	0	4,374674	0	
27.07.2020 11:30:22,193	0	4,374674	0	
27.07.2020 11:30:22,455	0	4,374674	0	
27.07.2020 11:30:22,715	0	4,374674	0	
27.07.2020 11:30:22,969	0,1371539	4,376575	0	
27.07.2020 11:30:23,222	0,3149344	4,378981	0	
27.07.2020 11:30:23,473	0,420707	4,381017	0	
27.07.2020 11:30:23,741	0,3662961	4,382559	0	
27.07.2020 11:30:24,1	0,252837	4,383682	0	
27.07.2020 11:30:24,254	0,237605	4,384574	0	
27.07.2020 11:30:24,515	0,2130485	4,385395	0	
27.07.2020 11:30:24,784	0,1988478	4,386246	0	
27.07.2020 11:30:25,41	0,2046736	4,387199	0	
27.07.2020 11:30:25,294	0,220377	4,38824	0	
27.07.2020 11:30:25,556	0,2461843	4,389349	0	
27.07.2020 11:30:25,823	0,2596649	4,390497	0	
27.07.2020 11:30:26,77	0,2618838	4,391652	0	
27.07.2020 11:30:26,350	0,2639464	4,392903	0	
27.07.2020 11:30:26,622	0,2649569	4,394058	0	
27.07.2020 11:30:26,890	0,2654344	4,395301	0	
27.07.2020 11:30:27,153	0,2659636	4,396368	0	
27.07.2020 11:30:27,423	0,2660309	4,397611	0	
27.07.2020 11:30:27,695	0,2672602	4,398872	0	
27.07.2020 11:30:27,956	0,2684453	4,399956	0	
27.07.2020 11:30:28,226	0,2696461	4,401224	0	
27.07.2020 11:30:28,498	0,2709469	4,402499	0	
27.07.2020 11:30:28,770	0,2711406	4,403769	0	
27.07.2020 11:30:29,27	0,2714584	4,404949	0	
27.07.2020 11:30:29,282	0,2714384	4,406032	0	
27.07.2020 11:30:29,548	0,271506	4,407209	0	
27.07.2020 11:30:29,821	0,2714559	4,408471	0	
27.07.2020 11:30:30,90	0,2707238	4,409641	0	
27.07.2020 11:30:30,345	0,431234	4,413328	0	
27.07.2020 11:30:30,599	0,9556473	4,421073	0	
27.07.2020 11:30:30,854	1,419804	4,429095	0	
27.07.2020 11:30:31,124	1,597351	4,43735	0	
27.07.2020 11:30:31,384	1,495032	4,442765	0	
27.07.2020 11:30:31,636	1,105444	4,444806	0	
27.07.2020 11:30:31,907	0	4,445152	0	
27.07.2020 11:30:32,178	0	4,445152	0	
27.07.2020 11:30:32,432	0	4,445152	0	
27.07.2020 11:30:32,700	0	4,445152	0	
27.07.2020 11:30:32,958	0	4,445152	0	
27.07.2020 11:30:33,208	0	4,445152	0	
27.07.2020 11:30:33,472	0	4,445152	0	
27.07.2020 11:30:33,727	0	4,445152	0	
27.07.2020 11:30:33,981	0	4,445152	0	
27.07.2020 11:30:34,240	0	4,445152	0	
27.07.2020 11:30:34,492	0	4,445152	0	
27.07.2020 11:30:34,745	0	4,445152	0	
27.07.2020 11:30:34,997	0	4,445152	0	
27.07.2020 11:30:35,264	0	4,445152	0	
27.07.2020 11:30:35,526	0	4,445152	0	
27.07.2020 11:30:35,787	0	4,445152	0	
27.07.2020 11:30:36,41	0	4,445152	0	
27.07.2020 11:30:36,296	0,1143757	4,446815	0	
27.07.2020 11:30:36,559	0,2153561	4,44822	0	
27.07.2020 11:30:36,817	0,2366859	4,449261	0	
27.07.2020 11:30:37,68	0,1781827	4,449944	0	
27.07.2020 11:30:37,341	0,1188036	4,450516	0	
27.07.2020 11:30:37,604	0,1097158	4,450922	0	
27.07.2020 11:30:37,863	0,09876201	4,451303	0	
27.07.2020 11:30:38,115	0,09607934	4,451721	0	
27.07.2020 11:30:38,375	0,09983707	4,452194	0	
27.07.2020 11:30:38,638	0,1095308	4,452721	0	
27.07.2020 11:30:38,904	0,1223335	4,453268	0	
27.07.2020 11:30:39,174	0,1263022	4,45387	0	
27.07.2020 11:30:39,433	0,1268191	4,454378	0	
27.07.2020 11:30:39,694	0,1258139	4,454957	0	
27.07.2020 11:30:39,948	0,1248978	4,455449	0	
27.07.2020 11:30:40,208	0,1234524	4,456008	0	
27.07.2020 11:30:40,468	0,1223209	4,456525	0	
27.07.2020 11:30:40,718	0,4117296	4,461442	0	
27.07.2020 11:30:40,970	1,037283	4,469208	0	
27.07.2020 11:30:41,236	1,517004	4,477207	0	
27.07.2020 11:30:41,509	1,583419	4,483915	0	
27.07.2020 11:30:41,764	1,266824	4,486753	0	
27.07.2020 11:30:42,21	0,6416949	4,487298	0	
27.07.2020 11:30:42,272	0	4,487298	0	
27.07.2020 11:30:42,524	0	4,487298	0	
27.07.2020 11:30:42,775	0	4,487298	0	
27.07.2020 11:30:43,33	0	4,487298	0	
27.07.2020 11:30:43,287	0	4,487298	0	
27.07.2020 11:30:43,541	0	4,487298	0	
27.07.2020 11:30:43,797	0	4,487298	0	
27.07.2020 11:30:44,67	0	4,487298	0	
27.07.2020 11:30:44,323	0	4,487298	0	
27.07.2020 11:30:44,579	0	4,487298	0	
27.07.2020 11:30:44,836	0	4,487298	0	
27.07.2020 11:30:45,104	0	4,487298	0	
27.07.2020 11:30:45,368	0	4,487298	0	
27.07.2020 11:30:45,638	0	4,487298	0	
27.07.2020 11:30:45,889	0	4,487298	0	
27.07.2020 11:30:46,141	0	4,487298	0	
27.07.2020 11:30:46,392	0	4,487298	0	
27.07.2020 11:30:46,649	0	4,487298	0	
27.07.2020 11:30:46,910	0	4,487298	0	
27.07.2020 11:30:47,200	0	4,487298	0	
27.07.2020 11:30:47,465	0	4,487298	0	
27.07.2020 11:30:47,735	0	4,487298	0	
27.07.2020 11:30:47,997	0	4,487298	0	
27.07.2020 11:30:48,267	0	4,487298	0	
27.07.2020 11:30:48,526	0	4,487298	0	
27.07.2020 11:30:48,780	0	4,487298	0	
27.07.2020 11:30:49,53	0	4,487298	0	
27.07.2020 11:30:49,318	0	4,487298	0	
27.07.2020 11:30:49,569	0	4,487298	0	
27.07.2020 11:30:49,820	0	4,487298	0	
27.07.2020 11:30:50,88	0	4,487298	0	
27.07.2020 11:30:50,356	0	4,487298	0	
27.07.2020 11:30:50,622	0	4,487298	0	
27.07.2020 11:30:50,873	0,09482914	4,489352	0	
27.07.2020 11:30:51,137	0,6900432	4,496449	0	
27.07.2020 11:30:51,396	1,267985	4,503598	0	
27.07.2020 11:30:51,663	1,617359	4,511817	0	
27.07.2020 11:30:51,923	1,426012	4,515816	0	
27.07.2020 11:30:52,195	0,8640826	4,516974	0	
27.07.2020 11:30:52,455	0	4,516984	0	
27.07.2020 11:30:52,713	0	4,516984	0	
27.07.2020 11:30:52,969	0	4,516984	0	
27.07.2020 11:30:53,227	0	4,516984	0	
27.07.2020 11:30:53,493	0	4,516984	0	
27.07.2020 11:30:53,749	0	4,516984	0	
27.07.2020 11:30:54,1	0	4,516984	0	
27.07.2020 11:30:54,257	0	4,516984	0	
27.07.2020 11:30:54,529	0	4,516984	0	
27.07.2020 11:30:54,789	0	4,516984	0	
27.07.2020 11:30:55,45	0	4,516984	0	
27.07.2020 11:30:55,317	0	4,516984	0	
27.07.2020 11:30:55,588	0	4,516984	0	
27.07.2020 11:30:55,849	0	4,516984	0	
27.07.2020 11:30:56,120	0	4,516984	0	
27.07.2020 11:30:56,371	0	4,516984	0	
27.07.2020 11:30:56,638	0	4,516984	0	
27.07.2020 11:30:56,904	0	4,516984	0	
27.07.2020 11:30:57,165	0	4,516984	0	
27.07.2020 11:30:57,419	0	4,516984	0	
27.07.2020 11:30:57,672	0	4,516984	0	
27.07.2020 11:30:57,933	0	4,516984	0	
27.07.2020 11:30:58,191	0	4,516984	0	
27.07.2020 11:30:58,446	0	4,516984	0	
27.07.2020 11:30:58,707	0	4,516984	0	
27.07.2020 11:30:58,966	0	4,516984	0	
27.07.2020 11:30:59,258	0	4,516984	0	
27.07.2020 11:30:59,510	0	4,516984	0	
27.07.2020 11:30:59,778	0	4,516984	0	
27.07.2020 11:31:00,44	0	4,516984	0	
27.07.2020 11:31:00,315	0	4,516984	0	
27.07.2020 11:31:00,587	0	4,516984	0	
27.07.2020 11:31:00,856	0	4,516984	0	
27.07.2020 11:31:01,113	0	4,516984	0	
27.07.2020 11:31:01,367	0,1955121	4,52086	0	
27.07.2020 11:31:01,625	0,8053039	4,530899	0	
27.07.2020 11:31:01,876	1,280776	4,540876	0	
27.07.2020 11:31:02,127	0,7064021	4,545088	0	
27.07.2020 11:31:02,401	0	4,545756	0	
27.07.2020 11:31:02,659	0	4,545756	0	
27.07.2020 11:31:02,916	0	4,545756	0	
27.07.2020 11:31:03,182	0	4,545756	0	
27.07.2020 11:31:03,447	0	4,545756	0	
27.07.2020 11:31:03,704	0	4,545756	0	
27.07.2020 11:31:03,976	0	4,545756	0	
27.07.2020 11:31:04,243	0	4,545756	0	
27.07.2020 11:31:04,498	0	4,545756	0	
27.07.2020 11:31:04,748	0	4,545756	0	
27.07.2020 11:31:05,5	0	4,545756	0	
27.07.2020 11:31:05,291	0	4,545756	0	
27.07.2020 11:31:05,553	0	4,545756	0	
27.07.2020 11:31:05,826	0	4,545756	0	
27.07.2020 11:31:06,77	0	4,545756	0	
27.07.2020 11:31:06,338	0	4,545756	0	
27.07.2020 11:31:06,591	0	4,545756	0	
27.07.2020 11:31:06,841	0	4,545756	0	
27.07.2020 11:31:07,94	0	4,545756	0	
27.07.2020 11:31:07,359	0	4,545756	0	
27.07.2020 11:31:07,618	0	4,545756	0	
27.07.2020 11:31:07,871	0	4,545756	0	
27.07.2020 11:31:08,124	0	4,545756	0	
27.07.2020 11:31:08,392	0	4,545756	0	
27.07.2020 11:31:08,643	0	4,545756	0	
27.07.2020 11:31:08,912	0	4,545756	0	
27.07.2020 11:31:09,185	0	4,545756	0	
27.07.2020 11:31:09,440	0	4,545756	0	
27.07.2020 11:31:09,703	0	4,545756	0	
27.07.2020 11:31:09,962	0	4,545756	0	
27.07.2020 11:31:10,235	0	4,545756	0	
27.07.2020 11:31:10,491	0	4,545756	0	
27.07.2020 11:31:10,747	0	4,545756	0	
27.07.2020 11:31:11,15	0	4,545756	0	
27.07.2020 11:31:11,319	0	4,545756	0	
27.07.2020 11:31:11,579	0	4,546096	0	
27.07.2020 11:31:11,844	0,5675422	4,555318	0	
27.07.2020 11:31:12,97	1,089355	4,565204	0	
27.07.2020 11:31:12,348	1,453119	4,572736	0	
27.07.2020 11:31:12,602	0,2856083	4,574538	0	
27.07.2020 11:31:12,874	0	4,574589	0	
27.07.2020 11:31:13,133	0	4,574589	0	
27.07.2020 11:31:13,391	0	4,574589	0	
27.07.2020 11:31:13,642	0	4,574589	0	
27.07.2020 11:31:13,895	0	4,574589	0	
27.07.2020 11:31:14,160	0	4,574589	0	
27.07.2020 11:31:14,417	0	4,574589	0	
27.07.2020 11:31:14,669	0	4,574589	0	
27.07.2020 11:31:14,920	0	4,574589	0	
27.07.2020 11:31:15,183	0	4,574589	0	
27.07.2020 11:31:15,438	0	4,574589	0	
27.07.2020 11:31:15,697	0	4,574589	0	
27.07.2020 11:31:15,969	0	4,574589	0	
27.07.2020 11:31:16,221	0	4,574589	0	
27.07.2020 11:31:16,487	0	4,574589	0	
27.07.2020 11:31:16,743	0	4,574589	0	
27.07.2020 11:31:17,0	0	4,574589	0	
27.07.2020 11:31:17,258	0	4,574589	0	
27.07.2020 11:31:17,529	0	4,574589	0	
27.07.2020 11:31:17,786	0	4,574589	0	
27.07.2020 11:31:18,37	0	4,574589	0	
27.07.2020 11:31:18,300	0	4,574589	0	
27.07.2020 11:31:18,558	0	4,574589	0	
27.07.2020 11:31:18,809	0	4,574589	0	
27.07.2020 11:31:19,66	0	4,574589	0	
27.07.2020 11:31:19,332	0	4,574589	0	
27.07.2020 11:31:19,584	0	4,574589	0	
27.07.2020 11:31:19,854	0	4,574589	0	
27.07.2020 11:31:20,121	0	4,574589	0	
27.07.2020 11:31:20,374	0	4,574589	0	
27.07.2020 11:31:20,634	0	4,574589	0	
27.07.2020 11:31:20,894	0	4,574589	0	
27.07.2020 11:31:21,158	0	4,574589	0	
27.07.2020 11:31:21,417	0	4,574589	0	
27.07.2020 11:31:21,685	0	4,574589	0	
27.07.2020 11:31:21,948	0,06443487	4,576562	0	
27.07.2020 11:31:22,207	0,7010372	4,58641	0	
27.07.2020 11:31:22,475	1,240135	4,597115	0	
27.07.2020 11:31:22,726	0,9099595	4,602464	0	
27.07.2020 11:31:22,985	0,05330595	4,603342	0	
27.07.2020 11:31:23,240	0	4,603342	0	
27.07.2020 11:31:23,513	0	4,603342	0	
