Zeit:	Istwert Durchfluss	Totalisator	Alarm Nr. 1	
				
27.07.2020 11:32:25,853	0	0,0580351	0	
27.07.2020 11:32:26,115	0	0,0580351	0	
27.07.2020 11:32:26,370	0	0,0580351	0	
27.07.2020 11:32:26,641	0	0,0580351	0	
27.07.2020 11:32:26,905	0	0,0580351	0	
27.07.2020 11:32:27,166	0	0,0580351	0	
27.07.2020 11:32:27,435	0	0,0580351	0	
27.07.2020 11:32:27,702	0	0,0580351	0	
27.07.2020 11:32:27,972	0	0,0580351	0	
27.07.2020 11:32:28,225	0	0,0580351	0	
27.07.2020 11:32:28,487	0	0,0580351	0	
27.07.2020 11:32:28,751	0	0,0580351	0	
27.07.2020 11:32:29,23	0	0,0580351	0	
27.07.2020 11:32:29,283	0	0,0580351	0	
27.07.2020 11:32:29,549	0	0,0580351	0	
27.07.2020 11:32:29,805	0	0,0580351	0	
27.07.2020 11:32:30,67	0	0,0580351	0	
27.07.2020 11:32:30,340	0	0,0580351	0	
27.07.2020 11:32:30,601	0	0,0580351	0	
27.07.2020 11:32:30,872	0	0,0580351	0	
27.07.2020 11:32:31,134	0	0,0580351	0	
27.07.2020 11:32:31,394	0	0,0580351	0	
27.07.2020 11:32:31,653	0	0,0580351	0	
27.07.2020 11:32:31,920	0	0,0580351	0	
27.07.2020 11:32:32,187	0	0,0580351	0	
27.07.2020 11:32:32,456	0	0,0580351	0	
27.07.2020 11:32:32,721	0	0,0580351	0	
27.07.2020 11:32:32,983	0	0,0580351	0	
27.07.2020 11:32:33,241	0	0,0580351	0	
27.07.2020 11:32:33,493	0	0,0580351	0	
27.07.2020 11:32:33,763	0	0,0580351	0	
27.07.2020 11:32:34,29	0,002349213	0,05842909	0	
27.07.2020 11:32:34,299	0,5729002	0,06855652	0	
27.07.2020 11:32:34,556	1,129767	0,07851098	0	
27.07.2020 11:32:34,825	1,269523	0,08542211	0	
27.07.2020 11:32:35,95	0,1369927	0,08691733	0	
27.07.2020 11:32:35,348	0	0,08691733	0	
27.07.2020 11:32:35,616	0	0,08691733	0	
27.07.2020 11:32:35,886	0	0,08691733	0	
27.07.2020 11:32:36,155	0	0,08691733	0	
27.07.2020 11:32:36,428	0	0,08691733	0	
27.07.2020 11:32:36,697	0	0,08691733	0	
27.07.2020 11:32:36,959	0	0,08691733	0	
27.07.2020 11:32:37,222	0	0,08691733	0	
27.07.2020 11:32:37,491	0	0,08691733	0	
27.07.2020 11:32:37,763	0	0,08691733	0	
27.07.2020 11:32:38,31	0	0,08691733	0	
27.07.2020 11:32:38,288	0	0,08691733	0	
27.07.2020 11:32:38,558	0	0,08691733	0	
27.07.2020 11:32:38,812	0	0,08691733	0	
27.07.2020 11:32:39,81	0	0,08691733	0	
27.07.2020 11:32:39,340	0	0,08691733	0	
27.07.2020 11:32:39,596	0	0,08691733	0	
27.07.2020 11:32:39,865	0	0,08691733	0	
27.07.2020 11:32:40,118	0	0,08691733	0	
27.07.2020 11:32:40,379	0	0,08691733	0	
27.07.2020 11:32:40,635	0	0,08691733	0	
27.07.2020 11:32:40,902	0	0,08691733	0	
27.07.2020 11:32:41,156	0	0,08691733	0	
27.07.2020 11:32:41,422	0	0,08691733	0	
27.07.2020 11:32:41,692	0	0,08691733	0	
27.07.2020 11:32:41,948	0	0,08691733	0	
27.07.2020 11:32:42,217	0	0,08691733	0	
27.07.2020 11:32:42,479	0	0,08691733	0	
27.07.2020 11:32:42,746	0	0,08691733	0	
27.07.2020 11:32:43,15	0	0,08691733	0	
27.07.2020 11:32:43,282	0	0,08691733	0	
27.07.2020 11:32:43,539	0	0,08691733	0	
27.07.2020 11:32:43,797	0	0,08691733	0	
27.07.2020 11:32:44,49	0	0,08691733	0	
27.07.2020 11:32:44,306	0	0,08701476	0	
27.07.2020 11:32:44,576	0,5229811	0,09673642	0	
27.07.2020 11:32:44,833	1,090936	0,1067893	0	
27.07.2020 11:32:45,86	1,404865	0,1141382	0	
27.07.2020 11:32:45,352	0,1857191	0,1156829	0	
27.07.2020 11:32:45,610	0	0,1157333	0	
27.07.2020 11:32:45,861	0	0,1157333	0	
27.07.2020 11:32:46,121	0	0,1157333	0	
27.07.2020 11:32:46,389	0	0,1157333	0	
27.07.2020 11:32:46,643	0	0,1157333	0	
27.07.2020 11:32:46,914	0	0,1157333	0	
27.07.2020 11:32:47,175	0	0,1157333	0	
27.07.2020 11:32:47,430	0	0,1157333	0	
27.07.2020 11:32:47,701	0	0,1157333	0	
27.07.2020 11:32:47,968	0	0,1157333	0	
27.07.2020 11:32:48,237	0	0,1157333	0	
27.07.2020 11:32:48,491	0	0,1157333	0	
27.07.2020 11:32:48,753	0	0,1157333	0	
27.07.2020 11:32:49,6	0	0,1157333	0	
27.07.2020 11:32:49,258	0	0,1157333	0	
27.07.2020 11:32:49,510	0	0,1157333	0	
27.07.2020 11:32:49,770	0	0,1157333	0	
27.07.2020 11:32:50,31	0	0,1157333	0	
27.07.2020 11:32:50,286	0	0,1157333	0	
27.07.2020 11:32:50,551	0	0,1157333	0	
27.07.2020 11:32:50,821	0	0,1157333	0	
27.07.2020 11:32:51,78	0	0,1157333	0	
27.07.2020 11:32:51,336	0	0,1157333	0	
27.07.2020 11:32:51,594	0	0,1157333	0	
27.07.2020 11:32:51,859	0	0,1157333	0	
27.07.2020 11:32:52,119	0	0,1157333	0	
27.07.2020 11:32:52,372	0	0,1157333	0	
27.07.2020 11:32:52,630	0	0,1157333	0	
27.07.2020 11:32:52,882	0	0,1157333	0	
27.07.2020 11:32:53,150	0	0,1157333	0	
27.07.2020 11:32:53,402	0	0,1157333	0	
27.07.2020 11:32:53,673	0	0,1157333	0	
27.07.2020 11:32:53,942	0	0,1157333	0	
27.07.2020 11:32:54,206	0	0,1157333	0	
27.07.2020 11:32:54,469	0	0,1157333	0	
27.07.2020 11:32:54,738	0,3267576	0,1221734	0	
27.07.2020 11:32:54,999	0,9256222	0,1319138	0	
27.07.2020 11:32:55,257	1,410756	0,1412648	0	
27.07.2020 11:32:55,519	0,5605176	0,1447762	0	
27.07.2020 11:32:55,791	0	0,1452634	0	
27.07.2020 11:32:56,63	0	0,1452634	0	
27.07.2020 11:32:56,326	0	0,1452634	0	
27.07.2020 11:32:56,596	0	0,1452634	0	
27.07.2020 11:32:56,859	0	0,1452634	0	
27.07.2020 11:32:57,127	0	0,1452634	0	
27.07.2020 11:32:57,391	0	0,1452634	0	
27.07.2020 11:32:57,656	0	0,1452634	0	
27.07.2020 11:32:57,912	0	0,1452634	0	
27.07.2020 11:32:58,165	0	0,1452634	0	
27.07.2020 11:32:58,432	0	0,1452634	0	
27.07.2020 11:32:58,700	0	0,1452634	0	
27.07.2020 11:32:58,967	0	0,1452634	0	
27.07.2020 11:32:59,220	0	0,1452634	0	
27.07.2020 11:32:59,483	0	0,1452634	0	
27.07.2020 11:32:59,744	0	0,1452634	0	
27.07.2020 11:33:00,0	0	0,1452634	0	
27.07.2020 11:33:00,271	0	0,1452634	0	
27.07.2020 11:33:00,526	0	0,1452634	0	
27.07.2020 11:33:00,792	0	0,1452634	0	
27.07.2020 11:33:01,62	0	0,1452634	0	
27.07.2020 11:33:01,334	0	0,1452634	0	
27.07.2020 11:33:01,589	0	0,1452634	0	
27.07.2020 11:33:01,856	0	0,1452634	0	
27.07.2020 11:33:02,127	0,08590984	0,1464493	0	
27.07.2020 11:33:02,381	0,171087	0,1476685	0	
27.07.2020 11:33:02,642	0,211484	0,1486785	0	
27.07.2020 11:33:02,894	0,2132206	0,1495842	0	
27.07.2020 11:33:03,159	0,2072015	0,1504234	0	
27.07.2020 11:33:03,422	0,1984479	0,1512362	0	
27.07.2020 11:33:03,688	0,1952736	0,1521283	0	
27.07.2020 11:33:03,946	0,1948998	0,152973	0	
27.07.2020 11:33:04,214	0,1967004	0,1538453	0	
27.07.2020 11:33:04,479	0,1987741	0,1547254	0	
27.07.2020 11:33:04,744	0,2027127	0,1557232	0	
27.07.2020 11:33:05,5	0,6021891	0,1615128	0	
27.07.2020 11:33:05,256	1,136377	0,1693388	0	
27.07.2020 11:33:05,515	1,580345	0,1773795	0	
27.07.2020 11:33:05,775	1,614483	0,1842193	0	
27.07.2020 11:33:06,27	1,335068	0,1877729	0	
27.07.2020 11:33:06,299	0,7656116	0,1888558	0	
27.07.2020 11:33:06,565	0	0,1888644	0	
27.07.2020 11:33:06,835	0	0,1888644	0	
27.07.2020 11:33:07,86	0	0,1888644	0	
27.07.2020 11:33:07,354	0	0,1888644	0	
27.07.2020 11:33:07,621	0	0,1888644	0	
27.07.2020 11:33:07,872	0	0,1888644	0	
27.07.2020 11:33:08,135	0	0,1888644	0	
27.07.2020 11:33:08,393	0	0,1888644	0	
27.07.2020 11:33:08,645	0	0,1888644	0	
27.07.2020 11:33:08,912	0	0,1888644	0	
27.07.2020 11:33:09,172	0	0,1891785	0	
27.07.2020 11:33:09,429	0,1795629	0,1912199	0	
27.07.2020 11:33:09,700	0,2829563	0,1929613	0	
27.07.2020 11:33:09,970	0,3018993	0,1942557	0	
27.07.2020 11:33:10,225	0,2792339	0,1952821	0	
27.07.2020 11:33:10,481	0,2393076	0,1961188	0	
27.07.2020 11:33:10,734	0,1844444	0,19686	0	
27.07.2020 11:33:10,988	0,1689072	0,1975971	0	
27.07.2020 11:33:11,239	0,1708322	0,1983095	0	
27.07.2020 11:33:11,507	0,187756	0,1992544	0	
27.07.2020 11:33:11,761	0,2337404	0,2004821	0	
27.07.2020 11:33:12,27	0,3354444	0,2019443	0	
27.07.2020 11:33:12,293	0,3685032	0,2036899	0	
27.07.2020 11:33:12,559	0,3741648	0,2053626	0	
27.07.2020 11:33:12,821	0,3778698	0,2070287	0	
27.07.2020 11:33:13,93	0,3781371	0,2087856	0	
27.07.2020 11:33:13,367	0,3742425	0,2104972	0	
27.07.2020 11:33:13,623	0,3711356	0,21195	0	
27.07.2020 11:33:13,885	0,3667748	0,2135029	0	
27.07.2020 11:33:14,150	0,363562	0,215172	0	
27.07.2020 11:33:14,419	0,3624353	0,2167304	0	
27.07.2020 11:33:14,679	0,3612708	0,2182859	0	
27.07.2020 11:33:14,947	0,361219	0,2199787	0	
27.07.2020 11:33:15,207	0,5134464	0,2238221	0	
27.07.2020 11:33:15,461	1,002095	0,2317054	0	
27.07.2020 11:33:15,734	1,457075	0,2405064	0	
27.07.2020 11:33:15,995	1,598935	0,2482481	0	
27.07.2020 11:33:16,264	1,554905	0,2553843	0	
27.07.2020 11:33:16,516	1,226191	0,2580141	0	
27.07.2020 11:33:16,770	0,646028	0,2587662	0	
27.07.2020 11:33:17,29	0	0,2587927	0	
27.07.2020 11:33:17,284	0	0,2587927	0	
27.07.2020 11:33:17,541	0	0,2587927	0	
27.07.2020 11:33:17,794	0	0,2587927	0	
27.07.2020 11:33:18,49	0	0,2587927	0	
27.07.2020 11:33:18,305	0,1623787	0,2609377	0	
27.07.2020 11:33:18,558	0,3251171	0,2632203	0	
27.07.2020 11:33:18,817	0,4369873	0,265306	0	
27.07.2020 11:33:19,71	0,4359968	0,2669711	0	
27.07.2020 11:33:19,330	0,409243	0,2685631	0	
27.07.2020 11:33:19,598	0,365863	0,2701246	0	
27.07.2020 11:33:19,863	0,3297672	0,2715337	0	
27.07.2020 11:33:20,130	0,330119	0,2729703	0	
27.07.2020 11:33:20,385	0,3333184	0,2744476	0	
27.07.2020 11:33:20,637	0,3393876	0,2759849	0	
27.07.2020 11:33:20,901	0,3474066	0,2775542	0	
27.07.2020 11:33:21,163	0,3536918	0,2791459	0	
27.07.2020 11:33:21,426	0,3609157	0,2808894	0	
27.07.2020 11:33:21,696	0,3650136	0,2825028	0	
27.07.2020 11:33:21,962	0,3678218	0,2841245	0	
27.07.2020 11:33:22,226	0,3699971	0,2858692	0	
27.07.2020 11:33:22,484	0,3714628	0,287368	0	
27.07.2020 11:33:22,741	0,3731644	0,2889999	0	
27.07.2020 11:33:22,999	0,3740076	0,2906274	0	
27.07.2020 11:33:23,257	0,3754811	0,2922709	0	
27.07.2020 11:33:23,514	0,376948	0,2937902	0	
27.07.2020 11:33:23,766	0,3780516	0,2954392	0	
27.07.2020 11:33:24,19	0,3789283	0,2970904	0	
27.07.2020 11:33:24,277	0,380483	0,2987647	0	
27.07.2020 11:33:24,528	0,3939101	0,3006187	0	
27.07.2020 11:33:24,787	0,4361354	0,3025734	0	
27.07.2020 11:33:25,45	0,5117165	0,3049152	0	
27.07.2020 11:33:25,317	0,5794812	0,3076659	0	
27.07.2020 11:33:25,587	0,8529246	0,3139698	0	
27.07.2020 11:33:25,860	1,25006	0,3226112	0	
27.07.2020 11:33:26,116	1,554613	0,3309005	0	
27.07.2020 11:33:26,369	1,60338	0,3387476	0	
27.07.2020 11:33:26,633	1,609	0,3473158	0	
27.07.2020 11:33:26,899	1,380383	0,3509968	0	
27.07.2020 11:33:27,159	0,8960592	0,3526179	0	
27.07.2020 11:33:27,419	0,3262787	0,3533928	0	
27.07.2020 11:33:27,674	0,1555974	0,3540888	0	
27.07.2020 11:33:27,946	0,1908953	0,3553277	0	
27.07.2020 11:33:28,212	0,2917146	0,3570668	0	
27.07.2020 11:33:28,467	0,4668811	0,3592476	0	
27.07.2020 11:33:28,724	0,5557675	0,3616931	0	
27.07.2020 11:33:28,986	0,5662673	0,364048	0	
27.07.2020 11:33:29,238	0,5744641	0,366611	0	
27.07.2020 11:33:29,492	0,5781531	0,3691396	0	
27.07.2020 11:33:29,743	0,5774583	0,3714362	0	
27.07.2020 11:33:29,999	0,5746957	0,3739017	0	
27.07.2020 11:33:30,266	0,5722761	0,3763618	0	
27.07.2020 11:33:30,520	0,5712945	0,3788325	0	
27.07.2020 11:33:30,776	0,5730929	0,3813322	0	
27.07.2020 11:33:31,31	0,5752993	0,3838488	0	
27.07.2020 11:33:31,285	0,5792645	0,3862021	0	
27.07.2020 11:33:31,551	0,5834226	0,3889667	0	
27.07.2020 11:33:31,813	0,5869825	0,3915451	0	
27.07.2020 11:33:32,86	0,5912327	0,3941379	0	
27.07.2020 11:33:32,337	0,5934833	0,3967295	0	
27.07.2020 11:33:32,608	0,5962002	0,3995399	0	
27.07.2020 11:33:32,879	0,5985635	0,402154	0	
27.07.2020 11:33:33,135	0,6003915	0,4047768	0	
27.07.2020 11:33:33,388	0,6033195	0,407416	0	
27.07.2020 11:33:33,649	0,6048161	0,4098466	0	
27.07.2020 11:33:33,904	0,6067286	0,4124932	0	
27.07.2020 11:33:34,165	0,6096159	0,4151607	0	
27.07.2020 11:33:34,433	0,6113804	0,4180341	0	
27.07.2020 11:33:34,691	0,6135687	0,4205074	0	
27.07.2020 11:33:34,962	0,6157653	0,4233986	0	
27.07.2020 11:33:35,230	0,6174086	0,426088	0	
27.07.2020 11:33:35,481	0,6191474	0,4287891	0	
27.07.2020 11:33:35,746	0,6655927	0,4324964	0	
27.07.2020 11:33:36,17	1,066263	0,4407785	0	
27.07.2020 11:33:36,277	1,410395	0,4487893	0	
27.07.2020 11:33:36,537	1,600031	0,4570344	0	
27.07.2020 11:33:36,800	1,606784	0,4655521	0	
27.07.2020 11:33:37,68	1,611526	0,4743116	0	
27.07.2020 11:33:37,319	1,60689	0,4816936	0	
27.07.2020 11:33:37,591	1,327221	0,4856826	0	
27.07.2020 11:33:37,851	0,9285406	0,4880104	0	
27.07.2020 11:33:38,121	0,5688485	0,4905005	0	
27.07.2020 11:33:38,371	0,5724586	0,4931445	0	
27.07.2020 11:33:38,631	0,6338472	0,4963314	0	
27.07.2020 11:33:38,893	0,7601799	0,4997066	0	
27.07.2020 11:33:39,165	0,9374688	0,5040016	0	
27.07.2020 11:33:39,421	0,9449359	0,5085059	0	
27.07.2020 11:33:39,675	0,9546836	0,5120806	0	
27.07.2020 11:33:39,934	0,9616449	0,5166284	0	
27.07.2020 11:33:40,185	0,9642943	0,5205023	0	
27.07.2020 11:33:40,450	0,9635521	0,5249915	0	
27.07.2020 11:33:40,707	0,9633187	0,5288442	0	
27.07.2020 11:33:40,973	0,9635087	0,533345	0	
27.07.2020 11:33:41,235	0,9663653	0,5375625	0	
27.07.2020 11:33:41,502	0,9706855	0,5418102	0	
27.07.2020 11:33:41,753	0,9747955	0,5460765	0	
27.07.2020 11:33:42,4	0,9796575	0,5500352	0	
27.07.2020 11:33:42,265	0,9839863	0,554669	0	
27.07.2020 11:33:42,523	0,9885879	0,558663	0	
27.07.2020 11:33:42,779	0,9938589	0,5630186	0	
27.07.2020 11:33:43,48	0,9983345	0,5677164	0	
27.07.2020 11:33:43,309	1,002156	0,5721002	0	
27.07.2020 11:33:43,580	1,005529	0,5764839	0	
27.07.2020 11:33:43,851	1,008536	0,5812191	0	
27.07.2020 11:33:44,103	1,012036	0,5852951	0	
27.07.2020 11:33:44,375	1,014885	0,5900582	0	
27.07.2020 11:33:44,626	1,0179	0,5941583	0	
27.07.2020 11:33:44,894	1,021133	0,5989538	0	
27.07.2020 11:33:45,144	1,023267	0,6030645	0	
27.07.2020 11:33:45,410	1,026168	0,607876	0	
27.07.2020 11:33:45,661	1,02786	0,612007	0	
27.07.2020 11:33:45,928	1,031268	0,6165342	0	
27.07.2020 11:33:46,201	1,199601	0,6240596	0	
27.07.2020 11:33:46,466	1,426068	0,632449	0	
27.07.2020 11:33:46,729	1,57515	0,6399001	0	
27.07.2020 11:33:46,998	1,593189	0,6488541	0	
27.07.2020 11:33:47,262	1,602255	0,6574258	0	
27.07.2020 11:33:47,516	1,608256	0,6662688	0	
27.07.2020 11:33:47,780	1,612227	0,6753654	0	
27.07.2020 11:33:48,44	1,615017	0,6843083	0	
27.07.2020 11:33:48,304	1,40172	0,6880554	0	
27.07.2020 11:33:48,569	1,025592	0,6908462	0	
27.07.2020 11:33:48,824	0,6745356	0,6933741	0	
27.07.2020 11:33:49,88	0,653097	0,696516	0	
27.07.2020 11:33:49,349	0,7104787	0,6997765	0	
27.07.2020 11:33:49,609	0,8355865	0,704151	0	
27.07.2020 11:33:49,878	1,022296	0,7085775	0	
27.07.2020 11:33:50,130	1,049966	0,7128183	0	
27.07.2020 11:33:50,395	1,056128	0,717804	0	
27.07.2020 11:33:50,659	1,059223	0,7224163	0	
27.07.2020 11:33:50,932	1,056991	0,7269697	0	
27.07.2020 11:33:51,198	1,052408	0,7318369	0	
27.07.2020 11:33:51,467	1,047966	0,7366874	0	
27.07.2020 11:33:51,718	1,045361	0,7408447	0	
27.07.2020 11:33:51,978	1,044629	0,745371	0	
27.07.2020 11:33:52,230	1,045034	0,7499061	0	
27.07.2020 11:33:52,489	1,046646	0,7544592	0	
27.07.2020 11:33:52,751	1,049416	0,7586797	0	
27.07.2020 11:33:53,14	1,05161	0,7636065	0	
27.07.2020 11:33:53,278	1,053768	0,7681947	0	
27.07.2020 11:33:53,533	1,055206	0,7724267	0	
27.07.2020 11:33:53,795	1,055786	0,7773637	0	
27.07.2020 11:33:54,66	1,057615	0,7823099	0	
27.07.2020 11:33:54,325	1,055757	0,7864993	0	
27.07.2020 11:33:54,580	1,036647	0,7907597	0	
27.07.2020 11:33:54,842	0,9844319	0,794658	0	
27.07.2020 11:33:55,115	0,8867958	0,7985281	0	
27.07.2020 11:33:55,382	0,8066826	0,8019747	0	
27.07.2020 11:33:55,635	0,7994822	0,8053756	0	
27.07.2020 11:33:55,903	0,7963805	0,8088079	0	
27.07.2020 11:33:56,163	0,798724	0,8123009	0	
27.07.2020 11:33:56,415	0,9158947	0,8178915	0	
27.07.2020 11:33:56,677	1,241946	0,8256183	0	
27.07.2020 11:33:56,938	1,506077	0,8336202	0	
27.07.2020 11:33:57,204	1,602721	0,8418429	0	
27.07.2020 11:33:57,477	1,608564	0,850989	0	
27.07.2020 11:33:57,730	1,612431	0,8597049	0	
27.07.2020 11:33:57,995	1,614991	0,8678895	0	
27.07.2020 11:33:58,267	1,384209	0,8720474	0	
27.07.2020 11:33:58,519	0,9887541	0,8740237	0	
27.07.2020 11:33:58,776	0,5174446	0,8756213	0	
27.07.2020 11:33:59,29	0,3983316	0,8772249	0	
27.07.2020 11:33:59,289	0,4405688	0,8796676	0	
27.07.2020 11:33:59,560	0,5527238	0,8825335	0	
27.07.2020 11:33:59,811	0,7483766	0,8855495	0	
27.07.2020 11:34:00,70	0,7972698	0,8893384	0	
27.07.2020 11:34:00,329	0,8086541	0,8929452	0	
27.07.2020 11:34:00,600	0,8172584	0,8965549	0	
27.07.2020 11:34:00,852	0,8201478	0,9001262	0	
27.07.2020 11:34:01,103	0,8184559	0,90338	0	
27.07.2020 11:34:01,362	0,8153868	0,9071546	0	
27.07.2020 11:34:01,617	0,8125609	0,9103808	0	
27.07.2020 11:34:01,874	0,8115051	0,9138916	0	
27.07.2020 11:34:02,127	0,8123062	0,9171482	0	
27.07.2020 11:34:02,385	0,8137093	0,9209601	0	
27.07.2020 11:34:02,642	0,8159137	0,9242474	0	
27.07.2020 11:34:02,906	0,8182112	0,9278114	0	
27.07.2020 11:34:03,165	0,8199582	0,9316549	0	
27.07.2020 11:34:03,437	0,8218279	0,9352303	0	
27.07.2020 11:34:03,710	0,8225449	0,939072	0	
27.07.2020 11:34:03,968	0,8240847	0,9426625	0	
27.07.2020 11:34:04,240	0,8251485	0,9462482	0	
27.07.2020 11:34:04,505	0,8260252	0,9498343	0	
27.07.2020 11:34:04,770	0,8274952	0,9537062	0	
27.07.2020 11:34:05,35	0,8276739	0,9572892	0	
27.07.2020 11:34:05,293	0,8271382	0,9608719	0	
27.07.2020 11:34:05,558	0,8269712	0,9644547	0	
27.07.2020 11:34:05,827	0,8266528	0,9680369	0	
27.07.2020 11:34:06,100	0,8277739	0,9719045	0	
27.07.2020 11:34:06,365	0,8273149	0,9754845	0	
27.07.2020 11:34:06,628	0,846211	0,9796283	0	
27.07.2020 11:34:06,897	1,150737	0,9878154	0	
27.07.2020 11:34:07,165	1,443659	0,9957727	0	
27.07.2020 11:34:07,422	1,596136	1,003987	0	
27.07.2020 11:34:07,685	1,604699	1,013087	0	
27.07.2020 11:34:07,942	1,609547	1,021104	0	
27.07.2020 11:34:08,213	1,613298	1,030336	0	
27.07.2020 11:34:08,468	1,434622	1,034455	0	
27.07.2020 11:34:08,737	0,9581501	1,036077	0	
27.07.2020 11:34:09,6	0,3055256	1,036601	0	
27.07.2020 11:34:09,275	0,06413627	1,036896	0	
27.07.2020 11:34:09,527	0,08360425	1,037435	0	
27.07.2020 11:34:09,786	0,1774753	1,038678	0	
27.07.2020 11:34:10,56	0,3669799	1,040661	0	
27.07.2020 11:34:10,325	0,5010177	1,042839	0	
27.07.2020 11:34:10,577	0,5121709	1,045168	0	
27.07.2020 11:34:10,840	0,5257627	1,047524	0	
27.07.2020 11:34:11,102	0,5294601	1,050019	0	
27.07.2020 11:34:11,364	0,5286105	1,052122	0	
27.07.2020 11:34:11,637	0,52518	1,054536	0	
27.07.2020 11:34:11,895	0,522368	1,056776	0	
27.07.2020 11:34:12,149	0,5209939	1,058851	0	
27.07.2020 11:34:12,415	0,5212573	1,06129	0	
27.07.2020 11:34:12,685	0,5237512	1,063762	0	
27.07.2020 11:34:12,949	0,5270697	1,065898	0	
27.07.2020 11:34:13,213	0,5302271	1,068402	0	
27.07.2020 11:34:13,466	0,5333419	1,070738	0	
27.07.2020 11:34:13,725	0,534663	1,072887	0	
27.07.2020 11:34:13,988	0,5365088	1,07523	0	
27.07.2020 11:34:14,239	0,5379595	1,077575	0	
27.07.2020 11:34:14,512	0,5389738	1,080099	0	
27.07.2020 11:34:14,777	0,5404328	1,08245	0	
27.07.2020 11:34:15,28	0,5407886	1,084615	0	
27.07.2020 11:34:15,298	0,5415099	1,087152	0	
27.07.2020 11:34:15,562	0,5420831	1,089506	0	
27.07.2020 11:34:15,819	0,5422398	1,091857	0	
27.07.2020 11:34:16,85	0,5431089	1,094396	0	
27.07.2020 11:34:16,339	0,5432091	1,096572	0	
27.07.2020 11:34:16,599	0,5434614	1,098929	0	
27.07.2020 11:34:16,870	0,545637	1,10164	0	
27.07.2020 11:34:17,139	0,8556294	1,108431	0	
27.07.2020 11:34:17,410	1,287698	1,11693	0	
27.07.2020 11:34:17,682	1,576404	1,125673	0	
27.07.2020 11:34:17,940	1,603751	1,13337	0	
27.07.2020 11:34:18,191	1,609246	1,141039	0	
27.07.2020 11:34:18,463	1,333038	1,144819	0	
27.07.2020 11:34:18,723	0,8233202	1,146204	0	
27.07.2020 11:34:18,976	0,2766079	1,14686	0	
27.07.2020 11:34:19,242	0,1225278	1,147395	0	
27.07.2020 11:34:19,494	0,1504133	1,148336	0	
27.07.2020 11:34:19,758	0,2461677	1,149865	0	
27.07.2020 11:34:20,16	0,4229428	1,151863	0	
27.07.2020 11:34:20,268	0,5127104	1,154122	0	
27.07.2020 11:34:20,533	0,5237586	1,156494	0	
27.07.2020 11:34:20,786	0,5328544	1,158689	0	
27.07.2020 11:34:21,55	0,5349199	1,161194	0	
27.07.2020 11:34:21,305	0,5330403	1,163483	0	
27.07.2020 11:34:21,575	0,5287464	1,165734	0	
27.07.2020 11:34:21,831	0,5248389	1,167803	0	
27.07.2020 11:34:22,100	0,5236527	1,170235	0	
27.07.2020 11:34:22,363	0,5234112	1,172503	0	
27.07.2020 11:34:22,626	0,5248773	1,174793	0	
27.07.2020 11:34:22,893	0,5270893	1,177275	0	
27.07.2020 11:34:23,160	0,5285927	1,179579	0	
27.07.2020 11:34:23,423	0,5308187	1,181897	0	
27.07.2020 11:34:23,686	0,5317151	1,184385	0	
27.07.2020 11:34:23,939	0,5328456	1,186707	0	
27.07.2020 11:34:24,191	0,5337763	1,188672	0	
27.07.2020 11:34:24,453	0,5342461	1,191171	0	
27.07.2020 11:34:24,722	0,535118	1,19368	0	
27.07.2020 11:34:24,982	0,5356453	1,195824	0	
27.07.2020 11:34:25,256	0,5363101	1,198333	0	
27.07.2020 11:34:25,508	0,537092	1,200666	0	
27.07.2020 11:34:25,777	0,5369422	1,202994	0	
27.07.2020 11:34:26,38	0,5375534	1,205332	0	
27.07.2020 11:34:26,292	0,5365794	1,207633	0	
27.07.2020 11:34:26,546	0,525882	1,20979	0	
27.07.2020 11:34:26,813	0,4948753	1,211596	0	
27.07.2020 11:34:27,80	0,4370714	1,213507	0	
27.07.2020 11:34:27,347	1,583512	1,218409	0	
27.07.2020 11:34:27,606	1,62	1,225616	0	
27.07.2020 11:34:27,859	1,62	1,233637	0	
27.07.2020 11:34:28,110	1,62	1,241893	0	
27.07.2020 11:34:28,381	1,62	1,249568	0	
27.07.2020 11:34:28,636	1,377938	1,253121	0	
27.07.2020 11:34:28,901	0,8578429	1,2544	0	
27.07.2020 11:34:29,173	0	1,254619	0	
27.07.2020 11:34:29,424	0	1,254619	0	
27.07.2020 11:34:29,690	0	1,254619	0	
27.07.2020 11:34:29,961	0	1,254619	0	
27.07.2020 11:34:30,217	0,01400542	1,255448	0	
27.07.2020 11:34:30,476	0,2496933	1,258076	0	
27.07.2020 11:34:30,729	0,4219985	1,260507	0	
27.07.2020 11:34:30,996	0,4910069	1,262685	0	
27.07.2020 11:34:31,247	0,4743943	1,264428	0	
27.07.2020 11:34:31,519	0,4345042	1,26623	0	
27.07.2020 11:34:31,782	0,3815673	1,267793	0	
27.07.2020 11:34:32,33	0,3608635	1,269221	0	
27.07.2020 11:34:32,301	0,3624384	1,270937	0	
27.07.2020 11:34:32,573	0,3683682	1,272716	0	
27.07.2020 11:34:32,844	0,3780108	1,274431	0	
27.07.2020 11:34:33,102	0,3885027	1,27618	0	
27.07.2020 11:34:33,365	0,3948003	1,278078	0	
27.07.2020 11:34:33,617	0,3992804	1,279715	0	
27.07.2020 11:34:33,869	0,4019525	1,281339	0	
27.07.2020 11:34:34,140	0,403655	1,28324	0	
27.07.2020 11:34:34,400	0,4049985	1,285002	0	
27.07.2020 11:34:34,655	0,4045078	1,286752	0	
27.07.2020 11:34:34,911	0,4052177	1,288517	0	
27.07.2020 11:34:35,180	0,4060772	1,290284	0	
27.07.2020 11:34:35,444	0,4070499	1,292056	0	
27.07.2020 11:34:35,715	0,4081713	1,293968	0	
27.07.2020 11:34:35,987	0,4078959	1,295734	0	
27.07.2020 11:34:36,244	0,4086013	1,297513	0	
27.07.2020 11:34:36,508	0,4089644	1,299425	0	
27.07.2020 11:34:36,760	0,4090902	1,301063	0	
27.07.2020 11:34:37,20	0,4095715	1,302839	0	
27.07.2020 11:34:37,275	0,4094978	1,304613	0	
27.07.2020 11:34:37,533	0,423418	1,307039	0	
27.07.2020 11:34:37,788	0,8538962	1,314432	0	
27.07.2020 11:34:38,59	1,303321	1,322456	0	
27.07.2020 11:34:38,310	1,587827	1,330091	0	
27.07.2020 11:34:38,570	1,604117	1,339029	0	
27.07.2020 11:34:38,829	1,453796	1,34344	0	
27.07.2020 11:34:39,97	0,9896299	1,345118	0	
27.07.2020 11:34:39,354	0,3702442	1,345508	0	
27.07.2020 11:34:39,617	0	1,345508	0	
27.07.2020 11:34:39,898	0	1,345508	0	
27.07.2020 11:34:40,151	0	1,345508	0	
27.07.2020 11:34:40,422	0	1,345807	0	
27.07.2020 11:34:40,673	0,2179721	1,348363	0	
27.07.2020 11:34:40,946	0,4090107	1,351167	0	
27.07.2020 11:34:41,208	0,4838415	1,353324	0	
27.07.2020 11:34:41,478	0,4608695	1,355058	0	
27.07.2020 11:34:41,745	0,3867951	1,356461	0	
27.07.2020 11:34:42,8	0,2751695	1,357386	0	
27.07.2020 11:34:42,281	0,1955385	1,358319	0	
27.07.2020 11:34:42,550	0,1959544	1,35924	0	
27.07.2020 11:34:42,818	0,2001964	1,360156	0	
27.07.2020 11:34:43,75	0,2127545	1,361162	0	
27.07.2020 11:34:43,326	0,2348272	1,362237	0	
27.07.2020 11:34:43,597	0,2537713	1,36336	0	
27.07.2020 11:34:43,866	0,2579709	1,364512	0	
27.07.2020 11:34:44,131	0,2605422	1,365749	0	
27.07.2020 11:34:44,387	0,2623356	1,366815	0	
27.07.2020 11:34:44,658	0,2636557	1,368056	0	
27.07.2020 11:34:44,916	0,2638852	1,369205	0	
27.07.2020 11:34:45,180	0,2650894	1,370366	0	
27.07.2020 11:34:45,437	0,2654795	1,371518	0	
27.07.2020 11:34:45,709	0,2664289	1,37277	0	
27.07.2020 11:34:45,975	0,2679324	1,373945	0	
27.07.2020 11:34:46,233	0,2684376	1,375115	0	
27.07.2020 11:34:46,505	0,2695168	1,376383	0	
27.07.2020 11:34:46,762	0,2696074	1,377459	0	
27.07.2020 11:34:47,14	0,2692233	1,378622	0	
27.07.2020 11:34:47,281	0,2694952	1,37979	0	
27.07.2020 11:34:47,552	0,2689608	1,380953	0	
27.07.2020 11:34:47,818	0,2755366	1,382595	0	
27.07.2020 11:34:48,81	0,6961738	1,389367	0	
27.07.2020 11:34:48,351	1,257219	1,397274	0	
27.07.2020 11:34:48,622	1,583143	1,406088	0	
27.07.2020 11:34:48,893	1,581609	1,41351	0	
27.07.2020 11:34:49,154	1,261415	1,416353	0	
27.07.2020 11:34:49,415	0,6874143	1,41708	0	
27.07.2020 11:34:49,672	0	1,41708	0	
27.07.2020 11:34:49,941	0	1,41708	0	
27.07.2020 11:34:50,202	0	1,41708	0	
27.07.2020 11:34:50,453	0	1,41708	0	
27.07.2020 11:34:50,705	0	1,41708	0	
27.07.2020 11:34:50,974	0	1,41708	0	
27.07.2020 11:34:51,239	0	1,41708	0	
27.07.2020 11:34:51,493	0	1,41708	0	
27.07.2020 11:34:51,761	0	1,41708	0	
27.07.2020 11:34:52,31	0	1,41708	0	
27.07.2020 11:34:52,293	0	1,41708	0	
27.07.2020 11:34:52,547	0,02904371	1,417771	0	
27.07.2020 11:34:52,815	0,1613955	1,419331	0	
27.07.2020 11:34:53,89	0,2055712	1,420397	0	
27.07.2020 11:34:53,349	0,1729209	1,421033	0	
27.07.2020 11:34:53,613	0,1004847	1,421544	0	
27.07.2020 11:34:53,867	0,09438147	1,421908	0	
27.07.2020 11:34:54,137	0,0861491	1,422241	0	
27.07.2020 11:34:54,409	0,08407731	1,422641	0	
27.07.2020 11:34:54,666	0,08922963	1,423074	0	
27.07.2020 11:34:54,933	0,1011451	1,423564	0	
27.07.2020 11:34:55,192	0,1214335	1,424099	0	
27.07.2020 11:34:55,443	0,1238447	1,424641	0	
27.07.2020 11:34:55,701	0,124694	1,425149	0	
27.07.2020 11:34:55,959	0,1246073	1,425684	0	
27.07.2020 11:34:56,231	0,1228927	1,426242	0	
27.07.2020 11:34:56,499	0,1212425	1,426751	0	
27.07.2020 11:34:56,761	0,1195622	1,427253	0	
27.07.2020 11:34:57,35	0,1185264	1,427799	0	
27.07.2020 11:34:57,297	0,1181096	1,428307	0	
27.07.2020 11:34:57,551	0,1177819	1,428819	0	
27.07.2020 11:34:57,806	0,1186307	1,4293	0	
27.07.2020 11:34:58,61	0,1191892	1,429863	0	
27.07.2020 11:34:58,324	0,4709333	1,43478	0	
27.07.2020 11:34:58,583	1,097748	1,442562	0	
27.07.2020 11:34:58,834	1,534355	1,450557	0	
27.07.2020 11:34:59,85	1,596031	1,457245	0	
27.07.2020 11:34:59,337	1,300398	1,459951	0	
27.07.2020 11:34:59,606	0,6410825	1,460614	0	
27.07.2020 11:34:59,873	0	1,460614	0	
27.07.2020 11:35:00,124	0	1,460614	0	
27.07.2020 11:35:00,386	0	1,460614	0	
27.07.2020 11:35:00,637	0	1,460614	0	
27.07.2020 11:35:00,905	0	1,460614	0	
27.07.2020 11:35:01,162	0	1,460614	0	
27.07.2020 11:35:01,413	0	1,460614	0	
27.07.2020 11:35:01,681	0	1,460614	0	
27.07.2020 11:35:01,948	0	1,460614	0	
27.07.2020 11:35:02,214	0	1,460614	0	
27.07.2020 11:35:02,486	0	1,460614	0	
27.07.2020 11:35:02,739	0	1,460614	0	
27.07.2020 11:35:02,993	0	1,460614	0	
27.07.2020 11:35:03,259	0	1,460614	0	
27.07.2020 11:35:03,523	0	1,460614	0	
27.07.2020 11:35:03,781	0	1,460614	0	
27.07.2020 11:35:04,32	0	1,460614	0	
27.07.2020 11:35:04,301	0	1,460614	0	
27.07.2020 11:35:04,565	0	1,460614	0	
27.07.2020 11:35:04,827	0	1,460614	0	
27.07.2020 11:35:05,85	0	1,460614	0	
27.07.2020 11:35:05,356	0	1,460614	0	
27.07.2020 11:35:05,621	0	1,460614	0	
27.07.2020 11:35:05,874	0	1,460614	0	
27.07.2020 11:35:06,138	0	1,460614	0	
27.07.2020 11:35:06,404	0	1,460614	0	
27.07.2020 11:35:06,671	0	1,460614	0	
27.07.2020 11:35:06,924	0	1,460614	0	
27.07.2020 11:35:07,177	0	1,460614	0	
27.07.2020 11:35:07,443	0	1,460614	0	
27.07.2020 11:35:07,710	0,09909556	1,461975	0	
27.07.2020 11:35:07,966	0,1352515	1,462681	0	
27.07.2020 11:35:08,232	0,1113344	1,463064	0	
27.07.2020 11:35:08,492	0,4809816	1,464475	0	
27.07.2020 11:35:08,751	1,62	1,471687	0	
27.07.2020 11:35:09,12	1,62	1,478924	0	
27.07.2020 11:35:09,268	1,62	1,486707	0	
27.07.2020 11:35:09,539	1,422672	1,491161	0	
27.07.2020 11:35:09,807	0,8364231	1,49229	0	
27.07.2020 11:35:10,58	0	1,492302	0	
27.07.2020 11:35:10,322	0	1,492302	0	
27.07.2020 11:35:10,574	0	1,492302	0	
27.07.2020 11:35:10,843	0	1,492302	0	
27.07.2020 11:35:11,109	0	1,492302	0	
27.07.2020 11:35:11,363	0	1,492302	0	
27.07.2020 11:35:11,626	0	1,492302	0	
27.07.2020 11:35:11,884	0	1,492302	0	
27.07.2020 11:35:12,136	0	1,492302	0	
27.07.2020 11:35:12,400	0	1,492302	0	
27.07.2020 11:35:12,668	0	1,492302	0	
27.07.2020 11:35:12,939	0	1,492302	0	
27.07.2020 11:35:13,208	0	1,492302	0	
27.07.2020 11:35:13,470	0	1,492302	0	
27.07.2020 11:35:13,729	0	1,492302	0	
27.07.2020 11:35:13,986	0	1,492302	0	
27.07.2020 11:35:14,257	0	1,492302	0	
27.07.2020 11:35:14,509	0	1,492302	0	
27.07.2020 11:35:14,775	0	1,492302	0	
27.07.2020 11:35:15,40	0	1,492302	0	
27.07.2020 11:35:15,296	0	1,492302	0	
27.07.2020 11:35:15,567	0	1,492302	0	
27.07.2020 11:35:15,824	0	1,492302	0	
27.07.2020 11:35:16,87	0	1,492302	0	
27.07.2020 11:35:16,348	0	1,492302	0	
27.07.2020 11:35:16,600	0	1,492302	0	
27.07.2020 11:35:16,858	0	1,492302	0	
27.07.2020 11:35:17,110	0	1,492302	0	
27.07.2020 11:35:17,370	0	1,492302	0	
27.07.2020 11:35:17,629	0	1,492302	0	
27.07.2020 11:35:17,894	0	1,492302	0	
27.07.2020 11:35:18,145	0	1,492302	0	
27.07.2020 11:35:18,415	0	1,492302	0	
27.07.2020 11:35:18,685	0	1,492302	0	
27.07.2020 11:35:18,946	0,1363189	1,495307	0	
27.07.2020 11:35:19,207	0,7575897	1,506034	0	
27.07.2020 11:35:19,474	1,278863	1,515288	0	
27.07.2020 11:35:19,747	0,6636815	1,520658	0	
27.07.2020 11:35:20,18	0	1,521124	0	
27.07.2020 11:35:20,278	0	1,521124	0	
27.07.2020 11:35:20,533	0	1,521124	0	
27.07.2020 11:35:20,800	0	1,521124	0	
27.07.2020 11:35:21,65	0	1,521124	0	
27.07.2020 11:35:21,323	0	1,521124	0	
27.07.2020 11:35:21,589	0	1,521124	0	
27.07.2020 11:35:21,860	0	1,521124	0	
27.07.2020 11:35:22,123	0	1,521124	0	
27.07.2020 11:35:22,393	0	1,521124	0	
27.07.2020 11:35:22,661	0	1,521124	0	
27.07.2020 11:35:22,933	0	1,521124	0	
27.07.2020 11:35:23,191	0	1,521124	0	
27.07.2020 11:35:23,458	0	1,521124	0	
27.07.2020 11:35:23,730	0	1,521124	0	
27.07.2020 11:35:23,989	0	1,521124	0	
27.07.2020 11:35:24,242	0	1,521124	0	
27.07.2020 11:35:24,507	0	1,521124	0	
27.07.2020 11:35:24,767	0	1,521124	0	
27.07.2020 11:35:25,39	0	1,521124	0	
27.07.2020 11:35:25,302	0	1,521124	0	
27.07.2020 11:35:25,571	0	1,521124	0	
27.07.2020 11:35:25,833	0	1,521124	0	
27.07.2020 11:35:26,102	0	1,521124	0	
27.07.2020 11:35:26,368	0	1,521124	0	
27.07.2020 11:35:26,631	0	1,521124	0	
27.07.2020 11:35:26,887	0	1,521124	0	
27.07.2020 11:35:27,151	0	1,521124	0	
27.07.2020 11:35:27,408	0	1,521124	0	
27.07.2020 11:35:27,677	0	1,521124	0	
27.07.2020 11:35:27,948	0	1,521124	0	
27.07.2020 11:35:28,218	0	1,521124	0	
27.07.2020 11:35:28,478	0	1,521124	0	
27.07.2020 11:35:28,736	0	1,521124	0	
27.07.2020 11:35:28,993	0	1,521124	0	
27.07.2020 11:35:29,249	0,07244149	1,523932	0	
27.07.2020 11:35:29,518	0,7057672	1,533752	0	
27.07.2020 11:35:29,776	1,24209	1,543642	0	
27.07.2020 11:35:30,27	0,9167662	1,548836	0	
27.07.2020 11:35:30,295	0,07842632	1,549961	0	
27.07.2020 11:35:30,552	0	1,549961	0	
27.07.2020 11:35:30,824	0	1,549961	0	
27.07.2020 11:35:31,92	0	1,549961	0	
27.07.2020 11:35:31,343	0	1,549961	0	
27.07.2020 11:35:31,605	0	1,549961	0	
27.07.2020 11:35:31,878	0	1,549961	0	
27.07.2020 11:35:32,140	0	1,549961	0	
27.07.2020 11:35:32,396	0	1,549961	0	
27.07.2020 11:35:32,661	0	1,549961	0	
27.07.2020 11:35:32,932	0	1,549961	0	
27.07.2020 11:35:33,202	0	1,549961	0	
27.07.2020 11:35:33,475	0	1,549961	0	
27.07.2020 11:35:33,731	0	1,549961	0	
27.07.2020 11:35:33,983	0	1,549961	0	
27.07.2020 11:35:34,248	0	1,549961	0	
27.07.2020 11:35:34,519	0	1,549961	0	
27.07.2020 11:35:34,770	0	1,549961	0	
27.07.2020 11:35:35,42	0	1,549961	0	
27.07.2020 11:35:35,299	0	1,549961	0	
27.07.2020 11:35:35,557	0	1,549961	0	
27.07.2020 11:35:35,821	0	1,549961	0	
27.07.2020 11:35:36,89	0	1,549961	0	
27.07.2020 11:35:36,347	0	1,549961	0	
27.07.2020 11:35:36,610	0	1,549961	0	
27.07.2020 11:35:36,861	0	1,549961	0	
27.07.2020 11:35:37,126	0	1,549961	0	
27.07.2020 11:35:37,388	0	1,549961	0	
27.07.2020 11:35:37,652	0	1,549961	0	
27.07.2020 11:35:37,914	0	1,549961	0	
27.07.2020 11:35:38,181	0	1,549961	0	
27.07.2020 11:35:38,453	0	1,549961	0	
27.07.2020 11:35:38,722	0	1,549961	0	
27.07.2020 11:35:38,991	0	1,549961	0	
27.07.2020 11:35:39,257	0	1,549961	0	
27.07.2020 11:35:39,522	0,003470414	1,551068	0	
27.07.2020 11:35:39,792	0,632292	1,561614	0	
27.07.2020 11:35:40,57	1,171086	1,571621	0	
27.07.2020 11:35:40,316	1,176399	1,577523	0	
27.07.2020 11:35:40,579	0,09289471	1,578547	0	
27.07.2020 11:35:40,848	0	1,578547	0	
27.07.2020 11:35:41,107	0	1,578547	0	
27.07.2020 11:35:41,363	0	1,578547	0	
27.07.2020 11:35:41,629	0	1,578547	0	
27.07.2020 11:35:41,898	0	1,578547	0	
27.07.2020 11:35:42,161	0	1,578547	0	
27.07.2020 11:35:42,425	0	1,578547	0	
27.07.2020 11:35:42,695	0	1,578547	0	
27.07.2020 11:35:42,949	0	1,578547	0	
27.07.2020 11:35:43,218	0	1,578547	0	
27.07.2020 11:35:43,483	0	1,578547	0	
27.07.2020 11:35:43,749	0	1,578547	0	
27.07.2020 11:35:44,4	0	1,578547	0	
27.07.2020 11:35:44,275	0	1,578547	0	
27.07.2020 11:35:44,528	0	1,578547	0	
27.07.2020 11:35:44,788	0	1,578547	0	
27.07.2020 11:35:45,44	0	1,578547	0	
27.07.2020 11:35:45,296	0	1,578547	0	
27.07.2020 11:35:45,557	0	1,578547	0	
27.07.2020 11:35:45,816	0	1,578547	0	
27.07.2020 11:35:46,87	0	1,578547	0	
27.07.2020 11:35:46,340	0	1,578547	0	
27.07.2020 11:35:46,611	0	1,578547	0	
27.07.2020 11:35:46,882	0	1,578547	0	
27.07.2020 11:35:47,153	0	1,578547	0	
27.07.2020 11:35:47,407	0	1,578547	0	
27.07.2020 11:35:47,662	0	1,578547	0	
27.07.2020 11:35:47,935	0	1,578547	0	
27.07.2020 11:35:48,192	0	1,578547	0	
27.07.2020 11:35:48,460	0	1,578547	0	
27.07.2020 11:35:48,730	0	1,578547	0	
27.07.2020 11:35:49,4	0	1,578547	0	
27.07.2020 11:35:49,259	0	1,578547	0	
27.07.2020 11:35:49,511	0	1,578547	0	
27.07.2020 11:35:49,780	0	1,578694	0	
27.07.2020 11:35:50,49	0,5296085	1,587667	0	
27.07.2020 11:35:50,317	1,094133	1,59842	0	
27.07.2020 11:35:50,576	1,398869	1,60571	0	
27.07.2020 11:35:50,838	0,1952716	1,607295	0	
27.07.2020 11:35:51,96	0	1,607321	0	
27.07.2020 11:35:51,365	0	1,607321	0	
27.07.2020 11:35:51,636	0	1,607321	0	
27.07.2020 11:35:51,907	0	1,607321	0	
27.07.2020 11:35:52,175	0	1,607321	0	
27.07.2020 11:35:52,446	0	1,607321	0	
27.07.2020 11:35:52,709	0	1,607321	0	
27.07.2020 11:35:52,974	0	1,607321	0	
27.07.2020 11:35:53,229	0	1,607321	0	
27.07.2020 11:35:53,490	0	1,607321	0	
27.07.2020 11:35:53,758	0	1,607321	0	
27.07.2020 11:35:54,25	0	1,607321	0	
27.07.2020 11:35:54,285	0	1,607321	0	
27.07.2020 11:35:54,547	0	1,607321	0	
27.07.2020 11:35:54,814	0	1,607321	0	
27.07.2020 11:35:55,80	0	1,607321	0	
27.07.2020 11:35:55,339	0	1,607321	0	
27.07.2020 11:35:55,595	0	1,607321	0	
27.07.2020 11:35:55,854	0	1,607321	0	
27.07.2020 11:35:56,122	0	1,607321	0	
27.07.2020 11:35:56,382	0	1,607321	0	
27.07.2020 11:35:56,650	0	1,607321	0	
27.07.2020 11:35:56,907	0	1,607321	0	
27.07.2020 11:35:57,169	0	1,607321	0	
27.07.2020 11:35:57,441	0	1,607321	0	
27.07.2020 11:35:57,711	0	1,607321	0	
27.07.2020 11:35:57,982	0	1,607321	0	
27.07.2020 11:35:58,243	0	1,607321	0	
27.07.2020 11:35:58,497	0	1,607321	0	
27.07.2020 11:35:58,758	0	1,607321	0	
27.07.2020 11:35:59,24	0	1,607321	0	
27.07.2020 11:35:59,278	0	1,607321	0	
27.07.2020 11:35:59,540	0	1,607321	0	
27.07.2020 11:35:59,794	0	1,607321	0	
27.07.2020 11:36:00,57	0	1,607355	0	
27.07.2020 11:36:00,315	0,4359606	1,615753	0	
27.07.2020 11:36:00,587	1,054404	1,625779	0	
27.07.2020 11:36:00,860	1,475247	1,634547	0	
27.07.2020 11:36:01,124	0,2071037	1,636439	0	
27.07.2020 11:36:01,387	0	1,636508	0	
27.07.2020 11:36:01,656	0	1,636508	0	
27.07.2020 11:36:01,920	0	1,636508	0	
27.07.2020 11:36:02,177	0	1,636508	0	
27.07.2020 11:36:02,439	0	1,636508	0	
27.07.2020 11:36:02,707	0	1,636508	0	
27.07.2020 11:36:02,959	0	1,636508	0	
27.07.2020 11:36:03,226	0	1,636508	0	
27.07.2020 11:36:03,494	0	1,636508	0	
27.07.2020 11:36:03,758	0	1,636508	0	
27.07.2020 11:36:04,25	0	1,636508	0	
27.07.2020 11:36:04,288	0	1,636508	0	
27.07.2020 11:36:04,559	0	1,636508	0	
27.07.2020 11:36:04,811	0	1,636508	0	
27.07.2020 11:36:05,68	0	1,636508	0	
27.07.2020 11:36:05,325	0	1,636508	0	
27.07.2020 11:36:05,579	0	1,636508	0	
27.07.2020 11:36:05,835	0	1,636508	0	
27.07.2020 11:36:06,90	0	1,636508	0	
27.07.2020 11:36:06,350	0	1,636508	0	
27.07.2020 11:36:06,601	0	1,636508	0	
27.07.2020 11:36:06,858	0	1,636508	0	
27.07.2020 11:36:07,113	0	1,636508	0	
27.07.2020 11:36:07,370	0	1,636508	0	
27.07.2020 11:36:07,625	0	1,636508	0	
27.07.2020 11:36:07,880	0	1,636508	0	
27.07.2020 11:36:08,135	0	1,636508	0	
27.07.2020 11:36:08,392	0	1,636508	0	
27.07.2020 11:36:08,646	0	1,636508	0	
27.07.2020 11:36:08,902	0	1,636508	0	
27.07.2020 11:36:09,156	0	1,636508	0	
27.07.2020 11:36:09,414	0	1,636508	0	
27.07.2020 11:36:09,668	0,08430442	1,637668	0	
27.07.2020 11:36:09,925	0,1640544	1,638774	0	
27.07.2020 11:36:10,179	0,1792951	1,639611	0	
27.07.2020 11:36:10,447	0,4545067	1,644888	0	
27.07.2020 11:36:10,704	1,007466	1,651983	0	
27.07.2020 11:36:10,960	1,423883	1,659917	0	
27.07.2020 11:36:11,216	1,582512	1,666766	0	
27.07.2020 11:36:11,471	1,294595	1,669782	0	
27.07.2020 11:36:11,730	0,7258193	1,670415	0	
27.07.2020 11:36:11,984	0	1,670415	0	
27.07.2020 11:36:12,238	0	1,670415	0	
27.07.2020 11:36:12,496	0	1,670415	0	
27.07.2020 11:36:12,749	0	1,670415	0	
27.07.2020 11:36:13,6	0	1,670415	0	
27.07.2020 11:36:13,261	0	1,670415	0	
27.07.2020 11:36:13,518	0	1,670415	0	
27.07.2020 11:36:13,771	0	1,670415	0	
27.07.2020 11:36:14,27	0	1,670415	0	
27.07.2020 11:36:14,286	0	1,670415	0	
27.07.2020 11:36:14,538	0	1,670415	0	
27.07.2020 11:36:14,792	0	1,670415	0	
27.07.2020 11:36:15,48	0	1,670415	0	
27.07.2020 11:36:15,305	0	1,670415	0	
27.07.2020 11:36:15,561	0	1,670415	0	
27.07.2020 11:36:15,817	0	1,670415	0	
27.07.2020 11:36:16,70	0	1,670415	0	
27.07.2020 11:36:16,327	0	1,670415	0	
27.07.2020 11:36:16,580	0,1226468	1,672261	0	
27.07.2020 11:36:16,835	0,2790935	1,674244	0	
27.07.2020 11:36:17,92	0,3573738	1,675935	0	
27.07.2020 11:36:17,350	0,3475235	1,677211	0	
27.07.2020 11:36:17,606	0,3120264	1,67835	0	
27.07.2020 11:36:17,860	0,2598172	1,679317	0	
27.07.2020 11:36:18,117	0,2067417	1,680213	0	
27.07.2020 11:36:18,371	0,2062012	1,681111	0	
27.07.2020 11:36:18,625	0,207853	1,681963	0	
27.07.2020 11:36:18,879	0,2127738	1,682931	0	
27.07.2020 11:36:19,135	0,2199843	1,683927	0	
27.07.2020 11:36:19,391	0,2247495	1,684941	0	
27.07.2020 11:36:19,648	0,2289923	1,685888	0	
27.07.2020 11:36:19,904	0,2307836	1,6869	0	
27.07.2020 11:36:20,158	0,2312279	1,687906	0	
27.07.2020 11:36:20,412	0,2309763	1,688904	0	
27.07.2020 11:36:20,670	0,3525669	1,692445	0	
27.07.2020 11:36:20,924	0,9337074	1,699544	0	
27.07.2020 11:36:21,180	1,383649	1,707501	0	
27.07.2020 11:36:21,439	1,59507	1,715653	0	
27.07.2020 11:36:21,698	1,517711	1,721098	0	
27.07.2020 11:36:21,959	1,109195	1,723159	0	
27.07.2020 11:36:22,212	0	1,723505	0	
27.07.2020 11:36:22,473	0	1,723505	0	
27.07.2020 11:36:22,741	0	1,723505	0	
27.07.2020 11:36:23,1	0	1,723505	0	
27.07.2020 11:36:23,253	0	1,723505	0	
27.07.2020 11:36:23,511	0	1,723505	0	
27.07.2020 11:36:23,771	0	1,723505	0	
27.07.2020 11:36:24,32	0	1,723505	0	
27.07.2020 11:36:24,296	0	1,723505	0	
27.07.2020 11:36:24,547	0,03120685	1,724593	0	
27.07.2020 11:36:24,813	0,2589423	1,726904	0	
27.07.2020 11:36:25,74	0,4259591	1,729478	0	
27.07.2020 11:36:25,336	0,5035887	1,731707	0	
27.07.2020 11:36:25,609	0,4904141	1,733704	0	
27.07.2020 11:36:25,864	0,4589623	1,735525	0	
27.07.2020 11:36:26,134	0,4145975	1,737373	0	
27.07.2020 11:36:26,384	0,3928464	1,73892	0	
27.07.2020 11:36:26,638	0,3918932	1,740614	0	
27.07.2020 11:36:26,899	0,3926229	1,742325	0	
27.07.2020 11:36:27,172	0,3958181	1,744203	0	
27.07.2020 11:36:27,444	0,4000498	1,745973	0	
27.07.2020 11:36:27,709	0,4035043	1,747892	0	
27.07.2020 11:36:27,972	0,4067728	1,749545	0	
27.07.2020 11:36:28,244	0,4086362	1,751466	0	
27.07.2020 11:36:28,508	0,4092113	1,75338	0	
27.07.2020 11:36:28,759	0,4097999	1,755022	0	
27.07.2020 11:36:29,25	0,4095933	1,756798	0	
27.07.2020 11:36:29,293	0,4103563	1,758723	0	
27.07.2020 11:36:29,563	0,4112839	1,760511	0	
27.07.2020 11:36:29,819	0,4120899	1,762305	0	
27.07.2020 11:36:30,83	0,4129697	1,764239	0	
27.07.2020 11:36:30,337	0,4130988	1,765892	0	
27.07.2020 11:36:30,599	0,4134497	1,767688	0	
27.07.2020 11:36:30,862	0,4253804	1,769871	0	
27.07.2020 11:36:31,121	0,8101819	1,777627	0	
27.07.2020 11:36:31,393	1,301989	1,785748	0	
27.07.2020 11:36:31,657	1,587691	1,794082	0	
27.07.2020 11:36:31,930	1,604549	1,802491	0	
27.07.2020 11:36:32,190	1,440881	1,80711	0	
27.07.2020 11:36:32,453	0,9636383	1,808941	0	
27.07.2020 11:36:32,721	0,3436149	1,809328	0	
27.07.2020 11:36:32,988	0	1,809328	0	
27.07.2020 11:36:33,249	0	1,809328	0	
27.07.2020 11:36:33,510	0	1,809328	0	
27.07.2020 11:36:33,774	0,01010442	1,810091	0	
27.07.2020 11:36:34,31	0,2467294	1,812726	0	
27.07.2020 11:36:34,292	0,4210507	1,81516	0	
27.07.2020 11:36:34,565	0,4917486	1,817354	0	
27.07.2020 11:36:34,828	0,4777597	1,81943	0	
27.07.2020 11:36:35,83	0,4418615	1,821139	0	
27.07.2020 11:36:35,336	0,3986414	1,822637	0	
27.07.2020 11:36:35,596	0,3773554	1,824257	0	
27.07.2020 11:36:35,869	0,3777899	1,826035	0	
27.07.2020 11:36:36,121	0,3824042	1,827613	0	
27.07.2020 11:36:36,373	0,3890238	1,829228	0	
27.07.2020 11:36:36,629	0,3962945	1,831012	0	
27.07.2020 11:36:36,899	0,4037237	1,832962	0	
27.07.2020 11:36:37,168	0,4093033	1,83478	0	
27.07.2020 11:36:37,428	0,4208535	1,836878	0	
27.07.2020 11:36:37,680	0,4553734	1,838928	0	
27.07.2020 11:36:37,947	0,5409408	1,841419	0	
27.07.2020 11:36:38,217	0,624877	1,844322	0	
27.07.2020 11:36:38,483	0,6306686	1,847322	0	
27.07.2020 11:36:38,751	0,6372756	1,849927	0	
27.07.2020 11:36:39,19	0,6402109	1,852936	0	
27.07.2020 11:36:39,280	0,6392886	1,855692	0	
27.07.2020 11:36:39,535	0,6362947	1,858209	0	
27.07.2020 11:36:39,791	0,6321566	1,86091	0	
27.07.2020 11:36:40,60	0,628952	1,863816	0	
27.07.2020 11:36:40,323	0,6268679	1,866518	0	
27.07.2020 11:36:40,589	0,6260375	1,869228	0	
27.07.2020 11:36:40,848	0,6273794	1,872169	0	
27.07.2020 11:36:41,105	0,6287253	1,875011	0	
27.07.2020 11:36:41,358	0,8648125	1,881295	0	
27.07.2020 11:36:41,615	1,24483	1,889472	0	
27.07.2020 11:36:41,885	1,558425	1,898535	0	
27.07.2020 11:36:42,142	1,601048	1,906546	0	
27.07.2020 11:36:42,396	1,607052	1,915351	0	
27.07.2020 11:36:42,664	1,465765	1,9203	0	
27.07.2020 11:36:42,926	1,029223	1,92256	0	
27.07.2020 11:36:43,187	0,4728212	1,923477	0	
27.07.2020 11:36:43,439	0,1974791	1,924319	0	
27.07.2020 11:36:43,689	0,2241044	1,925547	0	
27.07.2020 11:36:43,941	0,3038028	1,927216	0	
27.07.2020 11:36:44,205	0,4966168	1,929533	0	
27.07.2020 11:36:44,463	0,6080158	1,932171	0	
27.07.2020 11:36:44,716	0,6199312	1,934983	0	
27.07.2020 11:36:44,979	0,6363849	1,937837	0	
27.07.2020 11:36:45,247	0,6421993	1,94066	0	
27.07.2020 11:36:45,506	0,6423449	1,943441	0	
27.07.2020 11:36:45,770	0,6388591	1,946384	0	
27.07.2020 11:36:46,35	0,6355796	1,94911	0	
27.07.2020 11:36:46,295	0,6344127	1,951851	0	
27.07.2020 11:36:46,555	0,6340518	1,954605	0	
27.07.2020 11:36:46,816	0,6369858	1,957179	0	
27.07.2020 11:36:47,82	0,6403831	1,960201	0	
27.07.2020 11:36:47,341	0,6441932	1,96303	0	
27.07.2020 11:36:47,592	0,648877	1,965881	0	
27.07.2020 11:36:47,860	0,6519443	1,968733	0	
27.07.2020 11:36:48,128	0,6549315	1,971819	0	
27.07.2020 11:36:48,391	0,6566402	1,974677	0	
27.07.2020 11:36:48,656	0,6578331	1,97754	0	
27.07.2020 11:36:48,910	0,6594584	1,980409	0	
27.07.2020 11:36:49,162	0,6604939	1,983061	0	
27.07.2020 11:36:49,424	0,6725665	1,986117	0	
27.07.2020 11:36:49,681	0,7196427	1,989623	0	
27.07.2020 11:36:49,951	0,839026	1,99391	0	
27.07.2020 11:36:50,220	1,008864	1,998234	0	
27.07.2020 11:36:50,488	1,020188	2,002712	0	
27.07.2020 11:36:50,756	1,028118	2,007583	0	
27.07.2020 11:36:51,22	1,031497	2,012073	0	
27.07.2020 11:36:51,273	1,028798	2,0165	0	
27.07.2020 11:36:51,540	1,066385	2,022031	0	
27.07.2020 11:36:51,802	1,3093	2,029716	0	
27.07.2020 11:36:52,54	1,484809	2,037066	0	
27.07.2020 11:36:52,324	1,586188	2,04594	0	
27.07.2020 11:36:52,585	1,597622	2,055086	0	
27.07.2020 11:36:52,855	1,605189	2,063866	0	
27.07.2020 11:36:53,107	1,610198	2,072203	0	
27.07.2020 11:36:53,372	1,613513	2,081842	0	
27.07.2020 11:36:53,628	1,468533	2,086193	0	
27.07.2020 11:36:53,896	1,098292	2,08921	0	
27.07.2020 11:36:54,169	0,679251	2,091689	0	
27.07.2020 11:36:54,430	0,592472	2,094066	0	
27.07.2020 11:36:54,690	0,6398627	2,097493	0	
27.07.2020 11:36:54,942	0,757975	2,10098	0	
27.07.2020 11:36:55,210	0,9354489	2,105477	0	
27.07.2020 11:36:55,480	1,008241	2,109896	0	
27.07.2020 11:36:55,745	1,017678	2,114726	0	
27.07.2020 11:36:56,4	1,023195	2,118857	0	
27.07.2020 11:36:56,259	1,024155	2,123296	0	
27.07.2020 11:36:56,513	1,021478	2,127689	0	
27.07.2020 11:36:56,779	1,017748	2,132071	0	
27.07.2020 11:36:57,48	1,014827	2,136445	0	
27.07.2020 11:36:57,319	1,014075	2,141176	0	
27.07.2020 11:36:57,590	1,016457	2,1456	0	
27.07.2020 11:36:57,847	1,019483	2,150045	0	
27.07.2020 11:36:58,107	1,02353	2,154865	0	
27.07.2020 11:36:58,373	1,027207	2,159349	0	
27.07.2020 11:36:58,641	1,030415	2,163843	0	
27.07.2020 11:36:58,904	1,03369	2,168346	0	
27.07.2020 11:36:59,167	1,035394	2,173192	0	
27.07.2020 11:36:59,431	1,037036	2,177356	0	
27.07.2020 11:36:59,699	1,03879	2,182223	0	
27.07.2020 11:36:59,957	1,040761	2,186752	0	
27.07.2020 11:37:00,210	1,043276	2,190944	0	
27.07.2020 11:37:00,478	1,044657	2,195831	0	
27.07.2020 11:37:00,748	1,045886	2,200723	0	
27.07.2020 11:37:01,11	1,046958	2,204921	0	
27.07.2020 11:37:01,262	1,047816	2,209474	0	
27.07.2020 11:37:01,527	1,049704	2,214385	0	
27.07.2020 11:37:01,782	1,057826	2,219042	0	
27.07.2020 11:37:02,45	1,280303	2,226619	0	
27.07.2020 11:37:02,299	1,45859	2,234563	0	
27.07.2020 11:37:02,570	1,584449	2,243393	0	
27.07.2020 11:37:02,833	1,596471	2,251871	0	
27.07.2020 11:37:03,99	1,604428	2,260597	0	
27.07.2020 11:37:03,350	1,609694	2,269565	0	
27.07.2020 11:37:03,601	1,612959	2,27811	0	
27.07.2020 11:37:03,853	1,607817	2,285296	0	
27.07.2020 11:37:04,114	1,346521	2,289351	0	
27.07.2020 11:37:04,371	0,9621705	2,291993	0	
27.07.2020 11:37:04,647	0,6446838	2,294572	0	
27.07.2020 11:37:04,899	0,6563517	2,297635	0	
27.07.2020 11:37:05,164	0,7366319	2,30162	0	
27.07.2020 11:37:05,417	0,8667448	2,305503	0	
27.07.2020 11:37:05,684	1,023953	2,309992	0	
27.07.2020 11:37:05,957	1,037856	2,314976	0	
27.07.2020 11:37:06,214	1,050056	2,319622	0	
27.07.2020 11:37:06,486	1,054634	2,324219	0	
27.07.2020 11:37:06,749	1,053627	2,32912	0	
27.07.2020 11:37:07,4	1,049218	2,333622	0	
27.07.2020 11:37:07,255	1,044012	2,337402	0	
27.07.2020 11:37:07,521	1,027634	2,341995	0	
27.07.2020 11:37:07,787	0,975845	2,346186	0	
27.07.2020 11:37:08,38	0,898325	2,349512	0	
27.07.2020 11:37:08,293	0,8064725	2,352687	0	
27.07.2020 11:37:08,547	0,7971779	2,356062	0	
27.07.2020 11:37:08,802	0,7927801	2,359464	0	
27.07.2020 11:37:09,71	0,7936475	2,362919	0	
27.07.2020 11:37:09,333	0,7990772	2,366707	0	
27.07.2020 11:37:09,583	0,8069008	2,369999	0	
27.07.2020 11:37:09,854	0,8138092	2,373861	0	
27.07.2020 11:37:10,118	0,8197049	2,377469	0	
27.07.2020 11:37:10,368	0,823926	2,380798	0	
27.07.2020 11:37:10,625	0,8264905	2,384679	0	
27.07.2020 11:37:10,894	0,8292258	2,388295	0	
27.07.2020 11:37:11,163	0,8308328	2,391906	0	
27.07.2020 11:37:11,430	0,8317358	2,3958	0	
27.07.2020 11:37:11,701	0,8329329	2,399418	0	
27.07.2020 11:37:11,954	0,8334099	2,403041	0	
27.07.2020 11:37:12,211	0,9712064	2,409078	0	
27.07.2020 11:37:12,464	1,271645	2,416263	0	
27.07.2020 11:37:12,734	1,515027	2,42491	0	
27.07.2020 11:37:12,991	1,600098	2,433199	0	
27.07.2020 11:37:13,245	1,606828	2,441709	0	
27.07.2020 11:37:13,500	1,611001	2,449787	0	
27.07.2020 11:37:13,768	1,61423	2,457932	0	
27.07.2020 11:37:14,32	1,371431	2,462036	0	
27.07.2020 11:37:14,304	0,8880069	2,464109	0	
27.07.2020 11:37:14,572	0,4347347	2,465785	0	
27.07.2020 11:37:14,838	0,3922546	2,467604	0	
27.07.2020 11:37:15,104	0,4565657	2,469983	0	
27.07.2020 11:37:15,367	0,5949685	2,472934	0	
27.07.2020 11:37:15,634	0,7831036	2,476545	0	
27.07.2020 11:37:15,892	0,7962727	2,479817	0	
27.07.2020 11:37:16,161	0,8085525	2,483709	0	
27.07.2020 11:37:16,426	0,8164504	2,487574	0	
27.07.2020 11:37:16,712	0,8173912	2,491388	0	
27.07.2020 11:37:16,976	0,8152232	2,494897	0	
27.07.2020 11:37:17,243	0,8117256	2,498388	0	
27.07.2020 11:37:17,515	0,8108991	2,502168	0	
27.07.2020 11:37:17,777	0,8111857	2,505688	0	
27.07.2020 11:37:18,37	0,8130926	2,509229	0	
27.07.2020 11:37:18,298	0,8152421	2,512783	0	
27.07.2020 11:37:18,568	0,817394	2,516621	0	
27.07.2020 11:37:18,819	0,8200955	2,519926	0	
27.07.2020 11:37:19,88	0,8222927	2,523782	0	
27.07.2020 11:37:19,350	0,8241349	2,527369	0	
27.07.2020 11:37:19,615	0,8257304	2,530959	0	
27.07.2020 11:37:19,883	0,8266104	2,534552	0	
27.07.2020 11:37:20,141	0,8280793	2,538433	0	
27.07.2020 11:37:20,400	0,828432	2,541748	0	
27.07.2020 11:37:20,657	0,8287718	2,545343	0	
27.07.2020 11:37:20,907	0,8299966	2,54867	0	
27.07.2020 11:37:21,162	0,8301934	2,552265	0	
27.07.2020 11:37:21,429	0,820277	2,5557	0	
27.07.2020 11:37:21,694	0,7736067	2,558922	0	
27.07.2020 11:37:21,954	0,6722194	2,561461	0	
27.07.2020 11:37:22,211	0,5234351	2,56372	0	
27.07.2020 11:37:22,468	0,5831016	2,567291	0	
27.07.2020 11:37:22,743	1,068524	2,575563	0	
27.07.2020 11:37:22,995	1,415714	2,583566	0	
27.07.2020 11:37:23,259	1,598452	2,591762	0	
27.07.2020 11:37:23,514	1,605739	2,600196	0	
27.07.2020 11:37:23,772	1,594675	2,60718	0	
27.07.2020 11:37:24,24	1,283719	2,610218	0	
27.07.2020 11:37:24,278	0,796288	2,611366	0	
27.07.2020 11:37:24,540	0,220944	2,611887	0	
27.07.2020 11:37:24,804	0,1069362	2,612418	0	
27.07.2020 11:37:25,63	0,147183	2,61343	0	
27.07.2020 11:37:25,329	0,2640509	2,614919	0	
27.07.2020 11:37:25,597	0,4708105	2,617144	0	
27.07.2020 11:37:25,856	0,5223277	2,619463	0	
27.07.2020 11:37:26,129	0,53569	2,621887	0	
27.07.2020 11:37:26,382	0,5430303	2,624294	0	
27.07.2020 11:37:26,655	0,5437678	2,626651	0	
27.07.2020 11:37:26,921	0,5407261	2,629137	0	
27.07.2020 11:37:27,174	0,536	2,631415	0	
27.07.2020 11:37:27,426	0,5325334	2,633697	0	
27.07.2020 11:37:27,677	0,5316312	2,635818	0	
27.07.2020 11:37:27,943	0,5318207	2,638129	0	
27.07.2020 11:37:28,203	0,5340994	2,640464	0	
27.07.2020 11:37:28,473	0,5359238	2,642804	0	
27.07.2020 11:37:28,735	0,5381665	2,645336	0	
27.07.2020 11:37:28,998	0,5398936	2,647691	0	
27.07.2020 11:37:29,269	0,5410239	2,650047	0	
27.07.2020 11:37:29,529	0,5427486	2,652415	0	
27.07.2020 11:37:29,786	0,5433298	2,654952	0	
27.07.2020 11:37:30,40	0,5443122	2,657141	0	
27.07.2020 11:37:30,311	0,5457163	2,659516	0	
27.07.2020 11:37:30,577	0,5458522	2,662069	0	
27.07.2020 11:37:30,846	0,546876	2,664631	0	
27.07.2020 11:37:31,100	0,5468946	2,666815	0	
27.07.2020 11:37:31,361	0,5469249	2,669187	0	
27.07.2020 11:37:31,630	0,5475006	2,671744	0	
27.07.2020 11:37:31,897	0,5471498	2,674113	0	
27.07.2020 11:37:32,151	0,5471306	2,676485	0	
27.07.2020 11:37:32,419	0,5469511	2,678853	0	
27.07.2020 11:37:32,686	0,5575237	2,68157	0	
27.07.2020 11:37:32,953	0,9284945	2,689316	0	
27.07.2020 11:37:33,208	1,321295	2,697218	0	
27.07.2020 11:37:33,471	1,585514	2,70472	0	
27.07.2020 11:37:33,741	1,604435	2,713712	0	
27.07.2020 11:37:34,0	1,603645	2,721007	0	
27.07.2020 11:37:34,263	1,293198	2,724342	0	
27.07.2020 11:37:34,515	0,8151844	2,72576	0	
27.07.2020 11:37:34,766	0,2464142	2,726397	0	
27.07.2020 11:37:35,35	0,1280088	2,726975	0	
27.07.2020 11:37:35,306	0,1665411	2,728001	0	
27.07.2020 11:37:35,577	0,2764947	2,72976	0	
27.07.2020 11:37:35,848	0,4832184	2,731822	0	
27.07.2020 11:37:36,109	0,5211133	2,734311	0	
27.07.2020 11:37:36,369	0,5313447	2,736706	0	
27.07.2020 11:37:36,639	0,5375594	2,739083	0	
27.07.2020 11:37:36,889	0,5391159	2,741242	0	
27.07.2020 11:37:37,145	0,5354272	2,743525	0	
27.07.2020 11:37:37,415	0,5312705	2,745965	0	
27.07.2020 11:37:37,676	0,5282492	2,748229	0	
27.07.2020 11:37:37,930	0,5264277	2,750501	0	
27.07.2020 11:37:38,196	0,5271246	2,752793	0	
27.07.2020 11:37:38,447	0,5279429	2,755089	0	
27.07.2020 11:37:38,702	0,5300482	2,757228	0	
27.07.2020 11:37:38,973	0,5319628	2,759727	0	
27.07.2020 11:37:39,234	0,5331776	2,762045	0	
27.07.2020 11:37:39,504	0,5270667	2,76426	0	
27.07.2020 11:37:39,763	0,5037508	2,766266	0	
27.07.2020 11:37:40,23	0,4596931	2,768226	0	
27.07.2020 11:37:40,287	0,4037802	2,76981	0	
27.07.2020 11:37:40,538	0,3919673	2,771488	0	
27.07.2020 11:37:40,791	0,3915613	2,773191	0	
27.07.2020 11:37:41,63	0,3943039	2,774927	0	
27.07.2020 11:37:41,324	0,3992441	2,776703	0	
27.07.2020 11:37:41,589	0,4051773	2,778649	0	
27.07.2020 11:37:41,858	0,4097263	2,78046	0	
27.07.2020 11:37:42,115	0,4128374	2,782278	0	
27.07.2020 11:37:42,366	0,4141289	2,783944	0	
27.07.2020 11:37:42,635	0,4146045	2,785886	0	
27.07.2020 11:37:42,896	0,4158574	2,787716	0	
27.07.2020 11:37:43,147	0,6298358	2,792415	0	
27.07.2020 11:37:43,414	1,110632	2,800748	0	
27.07.2020 11:37:43,684	1,522964	2,808747	0	
27.07.2020 11:37:43,953	1,601603	2,817581	0	
27.07.2020 11:37:44,209	1,581346	2,824228	0	
27.07.2020 11:37:44,479	1,255611	2,827108	0	
27.07.2020 11:37:44,752	0,639897	2,828122	0	
27.07.2020 11:37:45,6	0	2,828249	0	
27.07.2020 11:37:45,276	0	2,828249	0	
27.07.2020 11:37:45,528	0	2,828249	0	
27.07.2020 11:37:45,790	0	2,828249	0	
27.07.2020 11:37:46,42	0,1184534	2,830142	0	
27.07.2020 11:37:46,299	0,3092931	2,832473	0	
27.07.2020 11:37:46,566	0,4682318	2,834839	0	
27.07.2020 11:37:46,867	0,4835431	2,837213	0	
27.07.2020 11:37:47,133	0,4559262	2,839116	0	
27.07.2020 11:37:47,403	0,4034869	2,840718	0	
27.07.2020 11:37:47,654	0,3666646	2,842288	0	
27.07.2020 11:37:47,907	0,3658987	2,84375	0	
27.07.2020 11:37:48,169	0,3685877	2,845504	0	
27.07.2020 11:37:48,425	0,3755322	2,847198	0	
27.07.2020 11:37:48,695	0,3832352	2,848926	0	
27.07.2020 11:37:48,954	0,3906705	2,850687	0	
27.07.2020 11:37:49,208	0,396172	2,85245	0	
27.07.2020 11:37:49,465	0,3996077	2,854076	0	
27.07.2020 11:37:49,735	0,4023277	2,855977	0	
27.07.2020 11:37:50,4	0,4037722	2,85787	0	
27.07.2020 11:37:50,256	0,4046123	2,8595	0	
27.07.2020 11:37:50,516	0,4061094	2,861274	0	
27.07.2020 11:37:50,781	0,4069507	2,863048	0	
27.07.2020 11:37:51,53	0,4085483	2,864829	0	
27.07.2020 11:37:51,315	0,4087777	2,866736	0	
27.07.2020 11:37:51,582	0,4089016	2,868646	0	
27.07.2020 11:37:51,835	0,408567	2,870277	0	
27.07.2020 11:37:52,98	0,4078313	2,87204	0	
27.07.2020 11:37:52,368	0,4080553	2,873945	0	
27.07.2020 11:37:52,622	0,4075986	2,875571	0	
27.07.2020 11:37:52,902	0,4080355	2,87748	0	
27.07.2020 11:37:53,167	0,4089567	2,879403	0	
27.07.2020 11:37:53,419	0,5420041	2,883691	0	
27.07.2020 11:37:53,673	1,041194	2,891066	0	
27.07.2020 11:37:53,934	1,445583	2,899938	0	
27.07.2020 11:37:54,199	1,599631	2,908413	0	
27.07.2020 11:37:54,456	1,583275	2,915223	0	
27.07.2020 11:37:54,711	1,230185	2,917768	0	
27.07.2020 11:37:54,963	0	2,91824	0	
27.07.2020 11:37:55,224	0	2,91824	0	
27.07.2020 11:37:55,486	0	2,91824	0	
27.07.2020 11:37:55,755	0	2,91824	0	
27.07.2020 11:37:56,6	0	2,91824	0	
27.07.2020 11:37:56,275	0	2,91824	0	
27.07.2020 11:37:56,542	0	2,91824	0	
27.07.2020 11:37:56,806	0	2,91824	0	
27.07.2020 11:37:57,62	0	2,918304	0	
27.07.2020 11:37:57,331	0,1968002	2,920953	0	
27.07.2020 11:37:57,588	0,3360105	2,922935	0	
27.07.2020 11:37:57,860	0,3779028	2,9246	0	
27.07.2020 11:37:58,122	0,3543609	2,925944	0	
27.07.2020 11:37:58,380	0,3094241	2,92706	0	
27.07.2020 11:37:58,648	0,246058	2,928157	0	
27.07.2020 11:37:58,931	0,2334154	2,929231	0	
27.07.2020 11:37:59,202	0,2353246	2,930273	0	
27.07.2020 11:37:59,468	0,2413478	2,931371	0	
27.07.2020 11:37:59,735	0,2508542	2,932599	0	
27.07.2020 11:38:00,2	0,2640198	2,933778	0	
27.07.2020 11:38:00,276	0,2665167	2,935041	0	
27.07.2020 11:38:00,549	0,2686953	2,936315	0	
27.07.2020 11:38:00,808	0,2699225	2,937403	0	
27.07.2020 11:38:01,76	0,2696587	2,938661	0	
27.07.2020 11:38:01,340	0,2695697	2,939828	0	
27.07.2020 11:38:01,607	0,2690374	2,940988	0	
27.07.2020 11:38:01,871	0,2692077	2,942246	0	
27.07.2020 11:38:02,124	0,2691037	2,943411	0	
27.07.2020 11:38:02,379	0,2690604	2,944491	0	
27.07.2020 11:38:02,646	0,2696409	2,945664	0	
27.07.2020 11:38:02,903	0,2694112	2,946918	0	
27.07.2020 11:38:03,172	0,2694927	2,947995	0	
27.07.2020 11:38:03,444	0,2629027	2,949147	0	
27.07.2020 11:38:03,700	0,3513117	2,95209	0	
27.07.2020 11:38:03,966	1,128672	2,959769	0	
27.07.2020 11:38:04,237	1,613297	2,96838	0	
27.07.2020 11:38:04,489	1,618818	2,976282	0	
27.07.2020 11:38:04,753	1,423883	2,980056	0	
27.07.2020 11:38:05,16	0,8885177	2,981335	0	
27.07.2020 11:38:05,283	0	2,981344	0	
27.07.2020 11:38:05,547	0	2,981344	0	
27.07.2020 11:38:05,806	0	2,981344	0	
27.07.2020 11:38:06,60	0	2,981344	0	
27.07.2020 11:38:06,311	0	2,981344	0	
27.07.2020 11:38:06,580	0	2,981344	0	
27.07.2020 11:38:06,844	0	2,981344	0	
27.07.2020 11:38:07,99	0	2,981344	0	
27.07.2020 11:38:07,364	0	2,981344	0	
27.07.2020 11:38:07,614	0	2,981344	0	
27.07.2020 11:38:07,884	0	2,981344	0	
27.07.2020 11:38:08,138	0	2,981344	0	
27.07.2020 11:38:08,389	0	2,981344	0	
27.07.2020 11:38:08,654	0	2,981344	0	
27.07.2020 11:38:08,906	0	2,981344	0	
27.07.2020 11:38:09,171	0	2,981344	0	
27.07.2020 11:38:09,438	0	2,981344	0	
27.07.2020 11:38:09,704	0	2,981344	0	
27.07.2020 11:38:09,960	0,00593414	2,98196	0	
27.07.2020 11:38:10,220	0,1737477	2,983714	0	
27.07.2020 11:38:10,488	0,2372684	2,984993	0	
27.07.2020 11:38:10,748	0,210011	2,985833	0	
27.07.2020 11:38:11,12	0,121659	2,986375	0	
27.07.2020 11:38:11,280	0,11327	2,986852	0	
27.07.2020 11:38:11,546	0,1004816	2,987257	0	
27.07.2020 11:38:11,802	0,09196983	2,987609	0	
27.07.2020 11:38:12,67	0,09449259	2,988045	0	
27.07.2020 11:38:12,337	0,1020466	2,988571	0	
27.07.2020 11:38:12,605	0,1175142	2,989108	0	
27.07.2020 11:38:12,870	0,1270084	2,989709	0	
27.07.2020 11:38:13,125	0,1272027	2,99026	0	
27.07.2020 11:38:13,382	0,1266283	2,990758	0	
27.07.2020 11:38:13,653	0,1243446	2,991315	0	
27.07.2020 11:38:13,909	0,1314923	2,992354	0	
27.07.2020 11:38:14,176	0,6209765	2,999015	0	
27.07.2020 11:38:14,437	1,207041	3,006781	0	
27.07.2020 11:38:14,691	1,609757	3,014722	0	
27.07.2020 11:38:14,960	1,502932	3,019654	0	
27.07.2020 11:38:15,214	1,033186	3,021287	0	
27.07.2020 11:38:15,469	0	3,021345	0	
27.07.2020 11:38:15,721	0	3,021345	0	
27.07.2020 11:38:15,989	0	3,021345	0	
27.07.2020 11:38:16,243	0	3,021345	0	
27.07.2020 11:38:16,507	0	3,021345	0	
27.07.2020 11:38:16,763	0	3,021345	0	
27.07.2020 11:38:17,23	0	3,021345	0	
27.07.2020 11:38:17,285	0	3,021345	0	
27.07.2020 11:38:17,542	0	3,021345	0	
27.07.2020 11:38:17,813	0	3,021345	0	
27.07.2020 11:38:18,72	0	3,021345	0	
27.07.2020 11:38:18,345	0	3,021345	0	
27.07.2020 11:38:18,611	0	3,021345	0	
27.07.2020 11:38:18,876	0	3,021345	0	
27.07.2020 11:38:19,145	0	3,021345	0	
27.07.2020 11:38:19,400	0	3,021345	0	
27.07.2020 11:38:19,668	0	3,021345	0	
27.07.2020 11:38:19,924	0	3,021345	0	
27.07.2020 11:38:20,185	0	3,021345	0	
27.07.2020 11:38:20,442	0	3,021345	0	
27.07.2020 11:38:20,707	0	3,021345	0	
27.07.2020 11:38:20,961	0	3,021345	0	
27.07.2020 11:38:21,228	0	3,021345	0	
27.07.2020 11:38:21,483	0	3,021345	0	
27.07.2020 11:38:21,740	0	3,021345	0	
27.07.2020 11:38:22,7	0	3,021345	0	
27.07.2020 11:38:22,278	0	3,021345	0	
27.07.2020 11:38:22,531	0	3,021345	0	
27.07.2020 11:38:22,794	0	3,021345	0	
27.07.2020 11:38:23,53	0	3,021345	0	
27.07.2020 11:38:23,323	0	3,021345	0	
27.07.2020 11:38:23,581	0	3,021345	0	
27.07.2020 11:38:23,849	0	3,021345	0	
27.07.2020 11:38:24,120	0	3,021345	0	
27.07.2020 11:38:24,375	0,01891203	3,023098	0	
27.07.2020 11:38:24,629	0,6317049	3,032177	0	
27.07.2020 11:38:24,888	1,170819	3,042156	0	
27.07.2020 11:38:25,150	1,089699	3,049067	0	
27.07.2020 11:38:25,417	0,1182931	3,050229	0	
27.07.2020 11:38:25,674	0	3,050229	0	
27.07.2020 11:38:25,940	0	3,050229	0	
27.07.2020 11:38:26,198	0	3,050229	0	
27.07.2020 11:38:26,466	0	3,050229	0	
27.07.2020 11:38:26,732	0	3,050229	0	
27.07.2020 11:38:27,0	0	3,050229	0	
27.07.2020 11:38:27,259	0	3,050229	0	
27.07.2020 11:38:27,516	0	3,050229	0	
27.07.2020 11:38:27,770	0	3,050229	0	
27.07.2020 11:38:28,38	0	3,050229	0	
27.07.2020 11:38:28,292	0	3,050229	0	
27.07.2020 11:38:28,545	0	3,050229	0	
27.07.2020 11:38:28,814	0	3,050229	0	
27.07.2020 11:38:29,88	0	3,050229	0	
27.07.2020 11:38:29,359	0	3,050229	0	
27.07.2020 11:38:29,623	0	3,050229	0	
27.07.2020 11:38:29,879	0	3,050229	0	
27.07.2020 11:38:30,138	0	3,050229	0	
27.07.2020 11:38:30,399	0	3,050229	0	
27.07.2020 11:38:30,658	0	3,050229	0	
27.07.2020 11:38:30,926	0	3,050229	0	
27.07.2020 11:38:31,176	0	3,050229	0	
27.07.2020 11:38:31,429	0	3,050229	0	
27.07.2020 11:38:31,703	0	3,050229	0	
27.07.2020 11:38:31,966	0	3,050229	0	
27.07.2020 11:38:32,238	0	3,050229	0	
27.07.2020 11:38:32,489	0	3,050229	0	
27.07.2020 11:38:32,758	0	3,050229	0	
27.07.2020 11:38:33,21	0	3,050229	0	
27.07.2020 11:38:33,288	0	3,050229	0	
27.07.2020 11:38:33,554	0	3,050229	0	
27.07.2020 11:38:33,826	0	3,050229	0	
27.07.2020 11:38:34,97	0	3,050229	0	
27.07.2020 11:38:34,362	0	3,050229	0	
27.07.2020 11:38:34,613	0	3,050244	0	
27.07.2020 11:38:34,879	0,4724339	3,059145	0	
27.07.2020 11:38:35,136	1,0499	3,069114	0	
27.07.2020 11:38:35,396	1,476965	3,077067	0	
27.07.2020 11:38:35,667	0,2160268	3,078982	0	
27.07.2020 11:38:35,932	0	3,079041	0	
27.07.2020 11:38:36,205	0	3,079041	0	
27.07.2020 11:38:36,470	0	3,079041	0	
27.07.2020 11:38:36,739	0	3,079041	0	
27.07.2020 11:38:37,8	0	3,079041	0	
27.07.2020 11:38:37,276	0	3,079041	0	
27.07.2020 11:38:37,535	0	3,079041	0	
27.07.2020 11:38:37,791	0	3,079041	0	
27.07.2020 11:38:38,44	0	3,079041	0	
27.07.2020 11:38:38,301	0	3,079041	0	
27.07.2020 11:38:38,571	0	3,079041	0	
27.07.2020 11:38:38,840	0	3,079041	0	
27.07.2020 11:38:39,111	0	3,079041	0	
27.07.2020 11:38:39,374	0	3,079041	0	
27.07.2020 11:38:39,630	0	3,079041	0	
27.07.2020 11:38:39,894	0	3,079041	0	
27.07.2020 11:38:40,154	0	3,079041	0	
27.07.2020 11:38:40,415	0	3,079041	0	
27.07.2020 11:38:40,684	0	3,079041	0	
27.07.2020 11:38:40,938	0	3,079041	0	
27.07.2020 11:38:41,200	0	3,079041	0	
27.07.2020 11:38:41,464	0	3,079041	0	
27.07.2020 11:38:41,727	0	3,079041	0	
27.07.2020 11:38:41,994	0	3,079041	0	
27.07.2020 11:38:42,252	0	3,079041	0	
27.07.2020 11:38:42,506	0	3,079041	0	
27.07.2020 11:38:42,776	0	3,079041	0	
27.07.2020 11:38:43,49	0	3,079041	0	
27.07.2020 11:38:43,300	0	3,079041	0	
27.07.2020 11:38:43,570	0	3,079041	0	
27.07.2020 11:38:43,838	0	3,079041	0	
27.07.2020 11:38:44,98	0	3,079041	0	
27.07.2020 11:38:44,360	0	3,079041	0	
27.07.2020 11:38:44,633	0	3,079041	0	
27.07.2020 11:38:44,896	0	3,079041	0	
27.07.2020 11:38:45,152	0,3782561	3,085801	0	
27.07.2020 11:38:45,423	1,005781	3,096675	0	
27.07.2020 11:38:45,694	1,45757	3,10564	0	
27.07.2020 11:38:45,945	0,2456231	3,107488	0	
27.07.2020 11:38:46,207	0	3,10756	0	
27.07.2020 11:38:46,464	0	3,10756	0	
27.07.2020 11:38:46,737	0	3,10756	0	
27.07.2020 11:38:46,993	0	3,10756	0	
27.07.2020 11:38:47,265	0	3,10756	0	
27.07.2020 11:38:47,527	0	3,10756	0	
27.07.2020 11:38:47,788	0	3,10756	0	
27.07.2020 11:38:48,52	0	3,10756	0	
27.07.2020 11:38:48,314	0	3,10756	0	
27.07.2020 11:38:48,580	0	3,10756	0	
27.07.2020 11:38:48,831	0	3,10756	0	
27.07.2020 11:38:49,84	0	3,10756	0	
27.07.2020 11:38:49,348	0	3,10756	0	
27.07.2020 11:38:49,620	0	3,10756	0	
27.07.2020 11:38:49,870	0	3,10756	0	
27.07.2020 11:38:50,137	0	3,10756	0	
27.07.2020 11:38:50,401	0	3,10756	0	
27.07.2020 11:38:50,673	0	3,10756	0	
27.07.2020 11:38:50,941	0	3,10756	0	
27.07.2020 11:38:51,193	0	3,10756	0	
27.07.2020 11:38:51,458	0	3,10756	0	
27.07.2020 11:38:51,725	0	3,10756	0	
27.07.2020 11:38:51,997	0	3,10756	0	
27.07.2020 11:38:52,259	0	3,10756	0	
27.07.2020 11:38:52,524	0	3,10756	0	
27.07.2020 11:38:52,775	0	3,10756	0	
27.07.2020 11:38:53,47	0	3,10756	0	
27.07.2020 11:38:53,308	0	3,10756	0	
27.07.2020 11:38:53,573	0	3,10756	0	
27.07.2020 11:38:53,830	0	3,10756	0	
27.07.2020 11:38:54,96	0	3,10756	0	
27.07.2020 11:38:54,354	0	3,10756	0	
27.07.2020 11:38:54,627	0	3,10756	0	
27.07.2020 11:38:54,883	0	3,10756	0	
27.07.2020 11:38:55,134	0	3,10756	0	
27.07.2020 11:38:55,405	0,2588975	3,113137	0	
27.07.2020 11:38:55,676	0,854066	3,122963	0	
27.07.2020 11:38:55,938	1,352961	3,132456	0	
27.07.2020 11:38:56,191	0,5304967	3,135991	0	
27.07.2020 11:38:56,462	0	3,136404	0	
27.07.2020 11:38:56,732	0	3,136404	0	
27.07.2020 11:38:56,984	0	3,136404	0	
27.07.2020 11:38:57,246	0	3,136404	0	
27.07.2020 11:38:57,499	0	3,136404	0	
27.07.2020 11:38:57,771	0	3,136404	0	
27.07.2020 11:38:58,33	0	3,136404	0	
27.07.2020 11:38:58,286	0	3,136404	0	
27.07.2020 11:38:58,542	0	3,136404	0	
27.07.2020 11:38:58,812	0	3,136404	0	
27.07.2020 11:38:59,78	0	3,136404	0	
27.07.2020 11:38:59,345	0	3,136404	0	
27.07.2020 11:38:59,614	0	3,136404	0	
27.07.2020 11:38:59,880	0	3,136404	0	
27.07.2020 11:39:00,138	0	3,136404	0	
27.07.2020 11:39:00,400	0	3,136404	0	
27.07.2020 11:39:00,664	0	3,136404	0	
27.07.2020 11:39:00,934	0	3,136404	0	
27.07.2020 11:39:01,201	0	3,136404	0	
27.07.2020 11:39:01,454	0	3,136404	0	
27.07.2020 11:39:01,720	0	3,136404	0	
27.07.2020 11:39:01,988	0	3,136404	0	
27.07.2020 11:39:02,254	0	3,136404	0	
27.07.2020 11:39:02,528	0	3,136404	0	
27.07.2020 11:39:02,790	0	3,136404	0	
27.07.2020 11:39:03,59	0	3,136404	0	
27.07.2020 11:39:03,313	0	3,136404	0	
27.07.2020 11:39:03,570	0	3,136404	0	
27.07.2020 11:39:03,825	0	3,136404	0	
27.07.2020 11:39:04,79	0	3,136404	0	
27.07.2020 11:39:04,340	0	3,136404	0	
27.07.2020 11:39:04,611	0	3,136404	0	
27.07.2020 11:39:04,870	0	3,136404	0	
27.07.2020 11:39:05,139	0	3,136404	0	
27.07.2020 11:39:05,390	0	3,136404	0	
27.07.2020 11:39:05,648	0,09138508	3,138786	0	
27.07.2020 11:39:05,918	0,7169582	3,14951	0	
27.07.2020 11:39:06,188	1,280651	3,160215	0	
27.07.2020 11:39:06,457	0,7028939	3,164576	0	
27.07.2020 11:39:06,723	0	3,165129	0	
27.07.2020 11:39:06,995	0	3,165129	0	
27.07.2020 11:39:07,259	0	3,165129	0	
27.07.2020 11:39:07,522	0	3,165129	0	
27.07.2020 11:39:07,789	0	3,165129	0	
27.07.2020 11:39:08,55	0	3,165129	0	
27.07.2020 11:39:08,323	0	3,165129	0	
27.07.2020 11:39:08,594	0	3,165129	0	
27.07.2020 11:39:08,854	0	3,165129	0	
27.07.2020 11:39:09,109	0	3,165129	0	
27.07.2020 11:39:09,381	0	3,165129	0	
27.07.2020 11:39:09,653	0	3,165129	0	
27.07.2020 11:39:09,905	0	3,165129	0	
27.07.2020 11:39:10,158	0	3,165129	0	
27.07.2020 11:39:10,430	0	3,165129	0	
27.07.2020 11:39:10,701	0	3,165129	0	
27.07.2020 11:39:10,954	0	3,165129	0	
27.07.2020 11:39:11,224	0	3,165129	0	
27.07.2020 11:39:11,496	0	3,165129	0	
27.07.2020 11:39:11,755	0	3,165129	0	
27.07.2020 11:39:12,9	0	3,165129	0	
27.07.2020 11:39:12,279	0	3,165129	0	
27.07.2020 11:39:12,540	0	3,165129	0	
27.07.2020 11:39:12,811	0	3,165129	0	
27.07.2020 11:39:13,64	0	3,165129	0	
27.07.2020 11:39:13,326	0	3,165129	0	
27.07.2020 11:39:13,597	0	3,165129	0	
27.07.2020 11:39:13,865	0	3,165129	0	
27.07.2020 11:39:14,119	0	3,165129	0	
27.07.2020 11:39:14,389	0	3,165129	0	
27.07.2020 11:39:14,647	0	3,165129	0	
27.07.2020 11:39:14,920	0	3,165129	0	
27.07.2020 11:39:15,179	0	3,165129	0	
27.07.2020 11:39:15,430	0	3,165129	0	
27.07.2020 11:39:15,691	0	3,165129	0	
27.07.2020 11:39:15,952	0,1416606	3,168176	0	
27.07.2020 11:39:16,217	0,7606947	3,178741	0	
27.07.2020 11:39:16,485	1,310992	3,189297	0	
27.07.2020 11:39:16,740	0,8360935	3,19371	0	
27.07.2020 11:39:17,5	0,02971435	3,194577	0	
27.07.2020 11:39:17,257	0	3,194577	0	
27.07.2020 11:39:17,522	0	3,194577	0	
27.07.2020 11:39:17,780	0	3,194577	0	
27.07.2020 11:39:18,43	0	3,194577	0	
27.07.2020 11:39:18,313	0	3,194577	0	
27.07.2020 11:39:18,582	0	3,194577	0	
27.07.2020 11:39:18,844	0	3,194577	0	
27.07.2020 11:39:19,107	0	3,194577	0	
27.07.2020 11:39:19,357	0	3,194577	0	
27.07.2020 11:39:19,612	0	3,194577	0	
27.07.2020 11:39:19,869	0	3,194577	0	
27.07.2020 11:39:20,140	0	3,194577	0	
27.07.2020 11:39:20,398	0	3,194577	0	
27.07.2020 11:39:20,668	0	3,194577	0	
27.07.2020 11:39:20,938	0	3,194577	0	
27.07.2020 11:39:21,190	0	3,194577	0	
27.07.2020 11:39:21,444	0	3,194577	0	
27.07.2020 11:39:21,711	0	3,194577	0	
27.07.2020 11:39:21,981	0	3,194577	0	
27.07.2020 11:39:22,245	0	3,194577	0	
27.07.2020 11:39:22,510	0	3,194577	0	
27.07.2020 11:39:22,764	0	3,194577	0	
27.07.2020 11:39:23,32	0	3,194577	0	
27.07.2020 11:39:23,286	0	3,194577	0	
27.07.2020 11:39:23,556	0	3,194577	0	
27.07.2020 11:39:23,811	0	3,194577	0	
27.07.2020 11:39:24,66	0	3,194577	0	
27.07.2020 11:39:24,336	0	3,194577	0	
27.07.2020 11:39:24,596	0,07824805	3,195846	0	
27.07.2020 11:39:24,868	0,182232	3,197173	0	
27.07.2020 11:39:25,139	0,1996335	3,198048	0	
27.07.2020 11:39:25,405	0,1283591	3,19864	0	
27.07.2020 11:39:25,675	0,09430279	3,19907	0	
27.07.2020 11:39:25,944	0,08516204	3,199389	0	
27.07.2020 11:39:26,217	0,5406944	3,20392	0	
27.07.2020 11:39:26,483	1,595663	3,211702	0	
27.07.2020 11:39:26,740	1,61882	3,219702	0	
27.07.2020 11:39:26,991	1,601896	3,226503	0	
27.07.2020 11:39:27,263	1,2494	3,229434	0	
27.07.2020 11:39:27,532	0	3,230017	0	
27.07.2020 11:39:27,801	0	3,230017	0	
27.07.2020 11:39:28,57	0	3,230017	0	
27.07.2020 11:39:28,311	0	3,230017	0	
27.07.2020 11:39:28,570	0	3,230017	0	
27.07.2020 11:39:28,836	0	3,230017	0	
27.07.2020 11:39:29,100	0	3,230017	0	
27.07.2020 11:39:29,356	0	3,230017	0	
27.07.2020 11:39:29,615	0	3,230017	0	
27.07.2020 11:39:29,883	0	3,230017	0	
27.07.2020 11:39:30,143	0	3,230017	0	
27.07.2020 11:39:30,407	0	3,230017	0	
27.07.2020 11:39:30,675	0	3,230017	0	
27.07.2020 11:39:30,942	0,1642884	3,232201	0	
27.07.2020 11:39:31,215	0,3044457	3,234322	0	
27.07.2020 11:39:31,486	0,3630857	3,235983	0	
27.07.2020 11:39:31,754	0,3448965	3,237401	0	
27.07.2020 11:39:32,14	0,3012531	3,23847	0	
27.07.2020 11:39:32,281	0,2350676	3,239411	0	
27.07.2020 11:39:32,547	0,2052855	3,240366	0	
27.07.2020 11:39:32,805	0,2060189	3,241272	0	
27.07.2020 11:39:33,77	0,2091202	3,242211	0	
27.07.2020 11:39:33,348	0,2149673	3,243266	0	
27.07.2020 11:39:33,616	0,2231549	3,244275	0	
27.07.2020 11:39:33,869	0,2276743	3,245295	0	
27.07.2020 11:39:34,132	0,2307344	3,246322	0	
27.07.2020 11:39:34,384	0,2320876	3,247334	0	
27.07.2020 11:39:34,638	0,2322371	3,248264	0	
27.07.2020 11:39:34,892	0,2321249	3,249265	0	
27.07.2020 11:39:35,144	0,2306707	3,250174	0	
27.07.2020 11:39:35,427	0,2300956	3,251245	0	
27.07.2020 11:39:35,689	0,22993	3,252241	0	
27.07.2020 11:39:35,941	0,2297928	3,253237	0	
27.07.2020 11:39:36,198	0,2307041	3,254246	0	
27.07.2020 11:39:36,461	0,4031186	3,257868	0	
27.07.2020 11:39:36,733	0,9930863	3,266236	0	
27.07.2020 11:39:37,3	1,500571	3,274303	0	
27.07.2020 11:39:37,266	1,597357	3,282462	0	
27.07.2020 11:39:37,529	1,454449	3,287504	0	
27.07.2020 11:39:37,781	1,0113	3,28938	0	
27.07.2020 11:39:38,33	0,4506264	3,289939	0	
27.07.2020 11:39:38,289	0,0296386	3,290105	0	
27.07.2020 11:39:38,553	0,03830197	3,290244	0	
27.07.2020 11:39:38,805	0,1694534	3,290821	0	
27.07.2020 11:39:39,63	0,2577277	3,292021	0	
27.07.2020 11:39:39,325	0,296415	3,293483	0	
27.07.2020 11:39:39,590	0,3584309	3,295404	0	
27.07.2020 11:39:39,862	0,4171112	3,297244	0	
27.07.2020 11:39:40,114	0,419456	3,299062	0	
27.07.2020 11:39:40,378	0,4159945	3,300822	0	
27.07.2020 11:39:40,650	0,4087627	3,302662	0	
27.07.2020 11:39:40,922	0,40218	3,304351	0	
27.07.2020 11:39:41,186	0,3972548	3,306164	0	
27.07.2020 11:39:41,461	0,395562	3,307869	0	
27.07.2020 11:39:41,712	0,396156	3,309593	0	
27.07.2020 11:39:41,973	0,3978393	3,311334	0	
27.07.2020 11:39:42,241	0,4002117	3,313087	0	
27.07.2020 11:39:42,511	0,401875	3,31498	0	
27.07.2020 11:39:42,770	0,4040337	3,316751	0	
27.07.2020 11:39:43,38	0,4052469	3,318517	0	
27.07.2020 11:39:43,297	0,406211	3,320287	0	
27.07.2020 11:39:43,558	0,4077662	3,322065	0	
27.07.2020 11:39:43,824	0,4083984	3,32384	0	
27.07.2020 11:39:44,97	0,4095641	3,325763	0	
27.07.2020 11:39:44,364	0,4105656	3,327689	0	
27.07.2020 11:39:44,626	0,4113836	3,329341	0	
27.07.2020 11:39:44,892	0,4125827	3,331276	0	
27.07.2020 11:39:45,146	0,412861	3,333064	0	
27.07.2020 11:39:45,419	0,4130338	3,33486	0	
27.07.2020 11:39:45,675	0,4136438	3,336658	0	
27.07.2020 11:39:45,942	0,4145887	3,338604	0	
27.07.2020 11:39:46,197	0,4159553	3,340278	0	
27.07.2020 11:39:46,460	0,4162158	3,342081	0	
27.07.2020 11:39:46,732	0,5049478	3,346077	0	
27.07.2020 11:39:46,983	1,002447	3,353163	0	
27.07.2020 11:39:47,236	1,391237	3,361079	0	
27.07.2020 11:39:47,492	1,598205	3,369224	0	
27.07.2020 11:39:47,744	1,605575	3,376765	0	
27.07.2020 11:39:48,7	1,437785	3,381538	0	
27.07.2020 11:39:48,269	0,9684811	3,383147	0	
27.07.2020 11:39:48,537	0,3528495	3,383672	0	
27.07.2020 11:39:48,805	0	3,383684	0	
27.07.2020 11:39:49,61	0	3,383684	0	
27.07.2020 11:39:49,314	0	3,383684	0	
27.07.2020 11:39:49,586	0,01598875	3,384565	0	
27.07.2020 11:39:49,839	0,2350728	3,386963	0	
27.07.2020 11:39:50,90	0,4105391	3,389211	0	
27.07.2020 11:39:50,360	0,5063998	3,391657	0	
27.07.2020 11:39:50,626	0,5105039	3,394061	0	
27.07.2020 11:39:50,881	0,5184371	3,396217	0	
27.07.2020 11:39:51,134	0,5346732	3,39867	0	
27.07.2020 11:39:51,395	0,5633791	3,401227	0	
27.07.2020 11:39:51,666	0,5886053	3,40386	0	
27.07.2020 11:39:51,917	0,5964797	3,406521	0	
27.07.2020 11:39:52,191	0,6039825	3,409403	0	
27.07.2020 11:39:52,450	0,6083628	3,412076	0	
27.07.2020 11:39:52,709	0,6103048	3,414532	0	
27.07.2020 11:39:52,962	0,6118	3,417198	0	
27.07.2020 11:39:53,224	0,6130181	3,420068	0	
27.07.2020 11:39:53,526	0,6148114	3,422953	0	
27.07.2020 11:39:53,792	0,6166549	3,425849	0	
27.07.2020 11:39:54,59	0,6184809	3,428548	0	
27.07.2020 11:39:54,326	0,620889	3,431464	0	
27.07.2020 11:39:54,583	0,6224108	3,434173	0	
27.07.2020 11:39:54,835	0,6240783	3,436688	0	
27.07.2020 11:39:55,101	0,6260531	3,439417	0	
27.07.2020 11:39:55,366	0,6268977	3,442353	0	
27.07.2020 11:39:55,624	0,6284807	3,444882	0	
27.07.2020 11:39:55,893	0,6298079	3,447831	0	
27.07.2020 11:39:56,151	0,6313141	3,450582	0	
27.07.2020 11:39:56,416	0,6329367	3,453338	0	
27.07.2020 11:39:56,689	0,6337715	3,456307	0	
27.07.2020 11:39:56,947	0,6473172	3,459697	0	
27.07.2020 11:39:57,201	1,010865	3,466729	0	
27.07.2020 11:39:57,475	1,368207	3,47543	0	
27.07.2020 11:39:57,730	1,594419	3,483797	0	
27.07.2020 11:39:57,986	1,606018	3,492417	0	
27.07.2020 11:39:58,242	1,610746	3,500401	0	
27.07.2020 11:39:58,506	1,442325	3,504999	0	
27.07.2020 11:39:58,765	0,9945751	3,507161	0	
27.07.2020 11:39:59,30	0,4477253	3,508088	0	
27.07.2020 11:39:59,297	0,2107896	3,509056	0	
27.07.2020 11:39:59,554	0,2408541	3,510413	0	
27.07.2020 11:39:59,823	0,3513246	3,512364	0	
27.07.2020 11:40:00,91	0,5382332	3,515006	0	
27.07.2020 11:40:00,343	0,6226314	3,517539	0	
27.07.2020 11:40:00,597	0,6332313	3,52039	0	
27.07.2020 11:40:00,856	0,6439621	3,523273	0	
27.07.2020 11:40:01,115	0,6493092	3,526124	0	
27.07.2020 11:40:01,383	0,6491919	3,529147	0	
27.07.2020 11:40:01,655	0,6476368	3,531935	0	
27.07.2020 11:40:01,921	0,6451242	3,534708	0	
27.07.2020 11:40:02,192	0,6442723	3,537719	0	
27.07.2020 11:40:02,457	0,657776	3,540751	0	
27.07.2020 11:40:02,723	0,7237824	3,544259	0	
27.07.2020 11:40:02,991	0,8566511	3,548237	0	
27.07.2020 11:40:03,263	0,9970167	3,552849	0	
27.07.2020 11:40:03,530	1,006385	3,557645	0	
27.07.2020 11:40:03,791	1,015551	3,561778	0	
27.07.2020 11:40:04,42	1,018738	3,566214	0	
27.07.2020 11:40:04,297	1,017373	3,570603	0	
27.07.2020 11:40:04,552	1,012388	3,574936	0	
27.07.2020 11:40:04,824	1,006017	3,579243	0	
27.07.2020 11:40:05,82	1,001354	3,583543	0	
27.07.2020 11:40:05,333	0,9984611	3,587846	0	
27.07.2020 11:40:05,584	0,9980874	3,592174	0	
27.07.2020 11:40:05,835	0,9983811	3,596168	0	
27.07.2020 11:40:06,98	0,9995963	3,600515	0	
27.07.2020 11:40:06,353	1,002135	3,604878	0	
27.07.2020 11:40:06,607	1,004448	3,609251	0	
27.07.2020 11:40:06,875	1,006505	3,613634	0	
27.07.2020 11:40:07,139	1,008305	3,618029	0	
27.07.2020 11:40:07,392	1,133012	3,624589	0	
27.07.2020 11:40:07,646	1,358523	3,632442	0	
27.07.2020 11:40:07,900	1,52995	3,639932	0	
27.07.2020 11:40:08,165	1,590582	3,64828	0	
27.07.2020 11:40:08,436	1,60053	3,657582	0	
27.07.2020 11:40:08,706	1,607516	3,666475	0	
27.07.2020 11:40:08,978	1,611738	3,676398	0	
27.07.2020 11:40:09,239	1,614532	3,684892	0	
27.07.2020 11:40:09,495	1,378394	3,688333	0	
27.07.2020 11:40:09,768	0,9506744	3,691079	0	
27.07.2020 11:40:10,24	0,6123945	3,693479	0	
27.07.2020 11:40:10,276	0,6148825	3,696093	0	
27.07.2020 11:40:10,548	0,6871621	3,699825	0	
27.07.2020 11:40:10,812	0,8277979	3,703851	0	
27.07.2020 11:40:11,82	1,017534	3,708215	0	
27.07.2020 11:40:11,352	1,028261	3,713094	0	
27.07.2020 11:40:11,622	1,037714	3,717661	0	
27.07.2020 11:40:11,895	1,040131	3,722527	0	
27.07.2020 11:40:12,150	1,038109	3,727	0	
27.07.2020 11:40:12,419	1,033925	3,731436	0	
27.07.2020 11:40:12,673	1,029267	3,735861	0	
27.07.2020 11:40:12,928	1,027647	3,74031	0	
27.07.2020 11:40:13,185	1,028101	3,744767	0	
27.07.2020 11:40:13,454	1,029967	3,749253	0	
27.07.2020 11:40:13,720	1,033026	3,753753	0	
27.07.2020 11:40:13,977	1,035797	3,75827	0	
27.07.2020 11:40:14,246	1,039775	3,762811	0	
27.07.2020 11:40:14,508	1,042749	3,767704	0	
27.07.2020 11:40:14,770	1,044986	3,772253	0	
27.07.2020 11:40:15,40	1,046979	3,776804	0	
27.07.2020 11:40:15,292	1,048	3,781355	0	
27.07.2020 11:40:15,558	1,049064	3,785913	0	
27.07.2020 11:40:15,824	1,050618	3,790478	0	
27.07.2020 11:40:16,79	1,05165	3,795046	0	
27.07.2020 11:40:16,348	1,052873	3,799966	0	
27.07.2020 11:40:16,606	1,053251	3,804182	0	
27.07.2020 11:40:16,864	1,053911	3,808756	0	
27.07.2020 11:40:17,129	1,054899	3,81369	0	
27.07.2020 11:40:17,389	1,055298	3,818269	0	
27.07.2020 11:40:17,652	1,136971	3,823863	0	
27.07.2020 11:40:17,920	1,348185	3,832187	0	
27.07.2020 11:40:18,186	1,537079	3,840836	0	
27.07.2020 11:40:18,444	1,590202	3,848494	0	
27.07.2020 11:40:18,699	1,599642	3,857021	0	
27.07.2020 11:40:18,971	1,606947	3,866503	0	
27.07.2020 11:40:19,241	1,611631	3,875574	0	
27.07.2020 11:40:19,511	1,614461	3,885406	0	
27.07.2020 11:40:19,773	1,500036	3,890484	0	
27.07.2020 11:40:20,45	1,122248	3,893498	0	
27.07.2020 11:40:20,304	0,7422433	3,896198	0	
27.07.2020 11:40:20,562	0,5828125	3,89852	0	
27.07.2020 11:40:20,825	0,5979459	3,901263	0	
27.07.2020 11:40:21,86	0,6416103	3,904536	0	
27.07.2020 11:40:21,347	0,7163127	3,907813	0	
27.07.2020 11:40:21,604	0,7761057	3,910977	0	
27.07.2020 11:40:21,866	0,7862775	3,914474	0	
27.07.2020 11:40:22,116	0,7951574	3,918004	0	
27.07.2020 11:40:22,388	0,8030177	3,921816	0	
27.07.2020 11:40:22,660	0,807105	3,925349	0	
27.07.2020 11:40:22,921	0,8110479	3,929171	0	
27.07.2020 11:40:23,188	0,8134373	3,932442	0	
27.07.2020 11:40:23,458	0,8155433	3,936268	0	
27.07.2020 11:40:23,726	0,8181923	3,94011	0	
27.07.2020 11:40:23,994	0,8200007	3,943681	0	
27.07.2020 11:40:24,254	0,8231452	3,947283	0	
27.07.2020 11:40:24,511	0,8255612	3,950879	0	
27.07.2020 11:40:24,780	0,82765	3,954485	0	
27.07.2020 11:40:25,35	0,8301512	3,958101	0	
27.07.2020 11:40:25,297	0,831515	3,961715	0	
27.07.2020 11:40:25,559	0,8326892	3,965337	0	
27.07.2020 11:40:25,818	0,8336545	3,968958	0	
27.07.2020 11:40:26,76	0,8347884	3,972587	0	
27.07.2020 11:40:26,347	0,8360441	3,976497	0	
27.07.2020 11:40:26,615	0,8360829	3,980116	0	
27.07.2020 11:40:26,875	0,8358934	3,98374	0	
27.07.2020 11:40:27,142	0,8358532	3,987362	0	
27.07.2020 11:40:27,415	0,8357814	3,991264	0	
27.07.2020 11:40:27,669	0,8363612	3,994889	0	
27.07.2020 11:40:27,934	0,900376	3,984394	0	
27.07.2020 11:40:28,204	1,22901	4,007748	0	
27.07.2020 11:40:28,458	1,46421	4,015744	0	
27.07.2020 11:40:28,711	1,598235	4,023957	0	
27.07.2020 11:40:28,965	1,605595	4,031771	0	
27.07.2020 11:40:29,233	1,610467	4,041132	0	
27.07.2020 11:40:29,497	1,61369	4,049634	0	
27.07.2020 11:40:29,756	1,442911	4,053911	0	
27.07.2020 11:40:30,24	0,9940285	4,056206	0	
27.07.2020 11:40:30,296	0,5157875	4,057934	0	
27.07.2020 11:40:30,566	0,3948609	4,059672	0	
27.07.2020 11:40:30,837	0,442343	4,062149	0	
27.07.2020 11:40:31,98	0,5632938	4,065045	0	
27.07.2020 11:40:31,361	0,7727928	4,068343	0	
27.07.2020 11:40:31,612	0,7976526	4,071875	0	
27.07.2020 11:40:31,882	0,8101686	4,075763	0	
27.07.2020 11:40:32,142	0,8178325	4,079091	0	
27.07.2020 11:40:32,395	0,8197855	4,082654	0	
27.07.2020 11:40:32,667	0,8172499	4,086442	0	
27.07.2020 11:40:32,926	0,8146623	4,089679	0	
27.07.2020 11:40:33,190	0,8118905	4,093446	0	
27.07.2020 11:40:33,447	0,8115706	4,096962	0	
27.07.2020 11:40:33,717	0,8129677	4,100498	0	
27.07.2020 11:40:33,977	0,8149466	4,104048	0	
27.07.2020 11:40:34,235	0,8177679	4,10761	0	
27.07.2020 11:40:34,487	0,8045616	4,110912	0	
27.07.2020 11:40:34,758	0,749431	4,11376	0	
27.07.2020 11:40:35,31	0,6335827	4,11638	0	
27.07.2020 11:40:35,291	0,4987771	4,11856	0	
27.07.2020 11:40:35,562	0,4917713	4,120667	0	
27.07.2020 11:40:35,816	0,4907339	4,122793	0	
27.07.2020 11:40:36,76	0,4950635	4,124993	0	
27.07.2020 11:40:36,339	0,5047941	4,127276	0	
27.07.2020 11:40:36,594	0,5175106	4,129611	0	
27.07.2020 11:40:36,864	0,5289984	4,132172	0	
27.07.2020 11:40:37,119	0,5360877	4,134378	0	
27.07.2020 11:40:37,378	0,5407952	4,136765	0	
27.07.2020 11:40:37,634	0,5446981	4,139159	0	
27.07.2020 11:40:37,895	0,5464235	4,141539	0	
27.07.2020 11:40:38,160	0,554516	4,144339	0	
27.07.2020 11:40:38,428	0,9492976	4,152214	0	
27.07.2020 11:40:38,681	1,315033	4,15955	0	
27.07.2020 11:40:38,932	1,584792	4,167707	0	
27.07.2020 11:40:39,184	1,604109	4,175426	0	
27.07.2020 11:40:39,436	1,609143	4,183329	0	
27.07.2020 11:40:39,689	1,393131	4,187121	0	
27.07.2020 11:40:39,961	0,9070248	4,188841	0	
27.07.2020 11:40:40,220	0,3137739	4,189469	0	
27.07.2020 11:40:40,490	0,1289801	4,190076	0	
27.07.2020 11:40:40,750	0,1587284	4,191074	0	
27.07.2020 11:40:41,14	0,2586906	4,192665	0	
27.07.2020 11:40:41,268	0,4333517	4,194532	0	
27.07.2020 11:40:41,537	0,5276641	4,197014	0	
27.07.2020 11:40:41,794	0,5373504	4,199437	0	
27.07.2020 11:40:42,48	0,5449376	4,201673	0	
27.07.2020 11:40:42,312	0,5468593	4,204234	0	
27.07.2020 11:40:42,565	0,5435794	4,206551	0	
27.07.2020 11:40:42,821	0,5387744	4,208664	0	
27.07.2020 11:40:43,90	0,5344974	4,211118	0	
27.07.2020 11:40:43,353	0,5315195	4,213404	0	
27.07.2020 11:40:43,618	0,5319391	4,215717	0	
27.07.2020 11:40:43,876	0,532889	4,218032	0	
27.07.2020 11:40:44,143	0,5344849	4,220543	0	
27.07.2020 11:40:44,403	0,5365269	4,222704	0	
27.07.2020 11:40:44,655	0,5375505	4,225043	0	
27.07.2020 11:40:44,917	0,5393299	4,2274	0	
27.07.2020 11:40:45,188	0,5409877	4,229939	0	
27.07.2020 11:40:45,457	0,5420775	4,232297	0	
27.07.2020 11:40:45,712	0,5433173	4,23466	0	
27.07.2020 11:40:45,980	0,5432764	4,237011	0	
27.07.2020 11:40:46,234	0,5436643	4,239193	0	
27.07.2020 11:40:46,492	0,5438792	4,241733	0	
27.07.2020 11:40:46,750	0,5436863	4,244086	0	
27.07.2020 11:40:47,20	0,543572	4,246438	0	
27.07.2020 11:40:47,271	0,5424277	4,248598	0	
27.07.2020 11:40:47,529	0,5421812	4,251127	0	
27.07.2020 11:40:47,811	0,5423171	4,253478	0	
27.07.2020 11:40:48,75	0,5421469	4,25601	0	
27.07.2020 11:40:48,335	0,5428171	4,258368	0	
27.07.2020 11:40:48,594	0,6918573	4,263423	0	
27.07.2020 11:40:48,858	1,121655	4,271137	0	
27.07.2020 11:40:49,126	1,4886	4,279741	0	
27.07.2020 11:40:49,394	1,601191	4,287307	0	
27.07.2020 11:40:49,647	1,607551	4,295687	0	
27.07.2020 11:40:49,911	1,493612	4,301247	0	
27.07.2020 11:40:50,166	1,074788	4,303414	0	
27.07.2020 11:40:50,423	0,4933796	4,304246	0	
27.07.2020 11:40:50,687	0,1129422	4,304761	0	
27.07.2020 11:40:50,951	0,1347936	4,305553	0	
27.07.2020 11:40:51,219	0,2029057	4,306874	0	
27.07.2020 11:40:51,475	0,3488695	4,308715	0	
27.07.2020 11:40:51,740	0,5099785	4,310889	0	
27.07.2020 11:40:51,995	0,5203975	4,313227	0	
27.07.2020 11:40:52,263	0,5310342	4,315601	0	
27.07.2020 11:40:52,516	0,5275361	4,317819	0	
27.07.2020 11:40:52,778	0,5023559	4,319786	0	
27.07.2020 11:40:53,45	0,4465038	4,321537	0	
27.07.2020 11:40:53,307	0,3801286	4,323278	0	
27.07.2020 11:40:53,567	0,372271	4,324875	0	
27.07.2020 11:40:53,833	0,3724718	4,326499	0	
27.07.2020 11:40:54,104	0,3768571	4,328175	0	
27.07.2020 11:40:54,366	0,3842636	4,33004	0	
27.07.2020 11:40:54,639	0,3917457	4,331804	0	
27.07.2020 11:40:54,901	0,3985586	4,333589	0	
27.07.2020 11:40:55,171	0,4033957	4,335517	0	
27.07.2020 11:40:55,439	0,406609	4,337307	0	
27.07.2020 11:40:55,713	0,4096472	4,339241	0	
27.07.2020 11:40:55,974	0,410602	4,341027	0	
27.07.2020 11:40:56,226	0,4120801	4,34269	0	
27.07.2020 11:40:56,497	0,4133521	4,344633	0	
27.07.2020 11:40:56,761	0,4140139	4,346432	0	
27.07.2020 11:40:57,32	0,4150233	4,348374	0	
27.07.2020 11:40:57,291	0,4150637	4,350171	0	
27.07.2020 11:40:57,543	0,4152262	4,351974	0	
27.07.2020 11:40:57,814	0,4155219	4,35378	0	
27.07.2020 11:40:58,85	0,4156203	4,35572	0	
27.07.2020 11:40:58,342	0,4159972	4,357386	0	
27.07.2020 11:40:58,593	0,4155115	4,359179	0	
27.07.2020 11:40:58,849	0,4892857	4,362814	0	
27.07.2020 11:40:59,106	0,9747357	4,370473	0	
27.07.2020 11:40:59,365	1,395032	4,378383	0	
27.07.2020 11:40:59,620	1,597876	4,385892	0	
27.07.2020 11:40:59,890	1,605815	4,394337	0	
27.07.2020 11:41:00,142	1,39786	4,398199	0	
27.07.2020 11:41:00,413	0,8932679	4,399678	0	
27.07.2020 11:41:00,673	0,2508199	4,400022	0	
27.07.2020 11:41:00,926	0	4,400022	0	
27.07.2020 11:41:01,182	0	4,400022	0	
27.07.2020 11:41:01,444	0	4,400022	0	
27.07.2020 11:41:01,716	0,005870221	4,400664	0	
27.07.2020 11:41:01,982	0,2548098	4,403503	0	
27.07.2020 11:41:02,235	0,4202531	4,405763	0	
27.07.2020 11:41:02,486	0,4968596	4,407806	0	
27.07.2020 11:41:02,756	0,4791735	4,409861	0	
27.07.2020 11:41:03,25	0,4336624	4,411531	0	
27.07.2020 11:41:03,291	0,3761325	4,413207	0	
27.07.2020 11:41:03,544	0,3593498	4,414744	0	
27.07.2020 11:41:03,806	0,3606866	4,416207	0	
27.07.2020 11:41:04,59	0,3657266	4,417849	0	
27.07.2020 11:41:04,330	0,3747333	4,419678	0	
27.07.2020 11:41:04,600	0,3851019	4,42141	0	
27.07.2020 11:41:04,855	0,3902545	4,423149	0	
27.07.2020 11:41:05,117	0,3947172	4,4249	0	
27.07.2020 11:41:05,387	0,3974857	4,426641	0	
27.07.2020 11:41:05,652	0,3992045	4,428519	0	
27.07.2020 11:41:05,920	0,4008557	4,430269	0	
27.07.2020 11:41:06,182	0,4016634	4,432021	0	
27.07.2020 11:41:06,440	0,4032615	4,433784	0	
27.07.2020 11:41:06,705	0,4036892	4,435668	0	
27.07.2020 11:41:06,969	0,4039918	4,437423	0	
27.07.2020 11:41:07,238	0,4044369	4,43917	0	
27.07.2020 11:41:07,505	0,3955285	4,440911	0	
27.07.2020 11:41:07,770	0,3674983	4,442209	0	
27.07.2020 11:41:08,40	0,3131996	4,443508	0	
27.07.2020 11:41:08,292	0,2476484	4,444585	0	
27.07.2020 11:41:08,562	0,2451041	4,445635	0	
27.07.2020 11:41:08,829	0,2436866	4,446764	0	
27.07.2020 11:41:09,89	0,2613184	4,44855	0	
27.07.2020 11:41:09,343	0,7557135	4,455831	0	
27.07.2020 11:41:09,613	1,278121	4,463867	0	
27.07.2020 11:41:09,879	1,589435	4,472152	0	
27.07.2020 11:41:10,151	1,578714	4,479209	0	
27.07.2020 11:41:10,420	1,241078	4,482248	0	
27.07.2020 11:41:10,691	0,5866635	4,482873	0	
27.07.2020 11:41:10,961	0	4,482873	0	
27.07.2020 11:41:11,228	0	4,482873	0	
27.07.2020 11:41:11,497	0	4,482873	0	
27.07.2020 11:41:11,766	0	4,482873	0	
27.07.2020 11:41:12,27	0	4,482873	0	
27.07.2020 11:41:12,282	0	4,482873	0	
27.07.2020 11:41:12,537	0	4,482873	0	
27.07.2020 11:41:12,794	0,1096297	4,484602	0	
27.07.2020 11:41:13,52	0,275978	4,486671	0	
27.07.2020 11:41:13,320	0,3698732	4,488465	0	
27.07.2020 11:41:13,575	0,3617584	4,489909	0	
27.07.2020 11:41:13,836	0,3263798	4,491086	0	
27.07.2020 11:41:14,97	0,2726171	4,492116	0	
27.07.2020 11:41:14,368	0,224972	4,493093	0	
27.07.2020 11:41:14,631	0,2267849	4,494176	0	
27.07.2020 11:41:14,890	0,2315459	4,495227	0	
27.07.2020 11:41:15,154	0,2409985	4,496336	0	
27.07.2020 11:41:15,416	0,2551392	4,497484	0	
27.07.2020 11:41:15,683	0,2609147	4,498649	0	
27.07.2020 11:41:15,940	0,2638621	4,499819	0	
27.07.2020 11:41:16,208	0,2653036	4,501061	0	
27.07.2020 11:41:16,477	0,2582281	4,502086	0	
27.07.2020 11:41:16,731	0,2276931	4,502823	0	
27.07.2020 11:41:16,999	0,1628568	4,503435	0	
27.07.2020 11:41:17,261	0,0885466	4,503882	0	
27.07.2020 11:41:17,525	0,08497355	4,504205	0	
27.07.2020 11:41:17,788	0,08286183	4,504583	0	
27.07.2020 11:41:18,58	0,0859247	4,504989	0	
27.07.2020 11:41:18,325	0,09486853	4,505445	0	
27.07.2020 11:41:18,576	0,110254	4,505957	0	
27.07.2020 11:41:18,829	0,1225896	4,506489	0	
27.07.2020 11:41:19,82	0,1224871	4,50702	0	
27.07.2020 11:41:19,353	0,1257379	4,507784	0	
27.07.2020 11:41:19,606	0,5455821	4,513889	0	
27.07.2020 11:41:19,857	1,10948	4,52107	0	
27.07.2020 11:41:20,120	1,57814	4,529093	0	
27.07.2020 11:41:20,371	1,582738	4,53515	0	
27.07.2020 11:41:20,637	1,22274	4,53807	0	
27.07.2020 11:41:20,899	0	4,538513	0	
27.07.2020 11:41:21,164	0	4,538513	0	
27.07.2020 11:41:21,435	0	4,538513	0	
27.07.2020 11:41:21,702	0	4,538513	0	
27.07.2020 11:41:21,957	0	4,538513	0	
27.07.2020 11:41:22,208	0	4,538513	0	
27.07.2020 11:41:22,459	0	4,538513	0	
27.07.2020 11:41:22,720	0	4,538513	0	
27.07.2020 11:41:22,978	0	4,538513	0	
27.07.2020 11:41:23,234	0	4,538513	0	
27.07.2020 11:41:23,499	0	4,538513	0	
27.07.2020 11:41:23,758	0	4,538513	0	
27.07.2020 11:41:24,15	0	4,538513	0	
27.07.2020 11:41:24,272	0	4,538513	0	
27.07.2020 11:41:24,538	0	4,538513	0	
27.07.2020 11:41:24,796	0	4,538513	0	
27.07.2020 11:41:25,52	0	4,538513	0	
27.07.2020 11:41:25,312	0	4,538513	0	
27.07.2020 11:41:25,566	0,03763185	4,539522	0	
27.07.2020 11:41:25,834	0,1873387	4,541082	0	
27.07.2020 11:41:26,99	0,235172	4,542207	0	
27.07.2020 11:41:26,369	0,1902009	4,543065	0	
27.07.2020 11:41:26,626	0,1205004	4,543571	0	
27.07.2020 11:41:26,887	0,1116639	4,543984	0	
27.07.2020 11:41:27,139	0,09870774	4,54435	0	
27.07.2020 11:41:27,403	0,08126383	4,544712	0	
27.07.2020 11:41:27,663	0,0654943	4,544968	0	
27.07.2020 11:41:27,924	0,05982391	4,545183	0	
27.07.2020 11:41:28,185	0,0462902	4,545344	0	
27.07.2020 11:41:28,437	0,030783	4,545455	0	
27.07.2020 11:41:28,696	0,001601311	4,545551	0	
27.07.2020 11:41:28,963	0,01231498	4,54567	0	
27.07.2020 11:41:29,234	0,02334978	4,54582	0	
27.07.2020 11:41:29,502	0,04034077	4,54599	0	
27.07.2020 11:41:29,766	0,8420559	4,548147	0	
27.07.2020 11:41:30,22	1,62	4,555593	0	
27.07.2020 11:41:30,277	1,62	4,562812	0	
27.07.2020 11:41:30,534	1,62	4,570333	0	
27.07.2020 11:41:30,786	1,398712	4,574092	0	
27.07.2020 11:41:31,37	0,901121	4,575103	0	
27.07.2020 11:41:31,301	0	4,575118	0	
27.07.2020 11:41:31,564	0	4,575118	0	
27.07.2020 11:41:31,826	0	4,575118	0	
27.07.2020 11:41:32,78	0	4,575118	0	
27.07.2020 11:41:32,338	0	4,575118	0	
27.07.2020 11:41:32,612	0	4,575118	0	
27.07.2020 11:41:32,881	0	4,575118	0	
27.07.2020 11:41:33,132	0	4,575118	0	
27.07.2020 11:41:33,383	0	4,575118	0	
27.07.2020 11:41:33,652	0	4,575118	0	
27.07.2020 11:41:33,917	0	4,575118	0	
27.07.2020 11:41:34,173	0	4,575118	0	
27.07.2020 11:41:34,432	0	4,575118	0	
27.07.2020 11:41:34,683	0	4,575118	0	
27.07.2020 11:41:34,939	0	4,575118	0	
27.07.2020 11:41:35,197	0	4,575118	0	
27.07.2020 11:41:35,463	0	4,575118	0	
27.07.2020 11:41:35,723	0	4,575118	0	
27.07.2020 11:41:35,979	0	4,575118	0	
27.07.2020 11:41:36,244	0	4,575118	0	
27.07.2020 11:41:36,516	0	4,575118	0	
27.07.2020 11:41:36,771	0	4,575118	0	
27.07.2020 11:41:37,42	0	4,575118	0	
27.07.2020 11:41:37,305	0	4,575118	0	
27.07.2020 11:41:37,566	0	4,575118	0	
27.07.2020 11:41:37,817	0	4,575118	0	
27.07.2020 11:41:38,68	0	4,575118	0	
27.07.2020 11:41:38,333	0	4,575118	0	
27.07.2020 11:41:38,591	0	4,575118	0	
27.07.2020 11:41:38,841	0	4,575118	0	
27.07.2020 11:41:39,99	0	4,575118	0	
27.07.2020 11:41:39,354	0	4,575118	0	
27.07.2020 11:41:39,620	0	4,575118	0	
27.07.2020 11:41:39,876	0	4,575118	0	
27.07.2020 11:41:40,133	0,008553934	4,576523	0	
27.07.2020 11:41:40,387	0,614483	4,586422	0	
27.07.2020 11:41:40,655	1,162992	4,59653	0	
27.07.2020 11:41:40,916	1,243348	4,602849	0	
27.07.2020 11:41:41,188	0,05657888	4,603945	0	
27.07.2020 11:41:41,449	0	4,603945	0	
27.07.2020 11:41:41,703	0	4,603945	0	
27.07.2020 11:41:41,973	0	4,603945	0	
27.07.2020 11:41:42,239	0	4,603945	0	
27.07.2020 11:41:42,509	0	4,603945	0	
27.07.2020 11:41:42,762	0	4,603945	0	
27.07.2020 11:41:43,26	0	4,603945	0	
27.07.2020 11:41:43,292	0	4,603945	0	
27.07.2020 11:41:43,549	0	4,603945	0	
27.07.2020 11:41:43,818	0	4,603945	0	
27.07.2020 11:41:44,81	0	4,603945	0	
27.07.2020 11:41:44,332	0	4,603945	0	
27.07.2020 11:41:44,583	0	4,603945	0	
27.07.2020 11:41:44,834	0	4,603945	0	
27.07.2020 11:41:45,99	0	4,603945	0	
27.07.2020 11:41:45,357	0	4,603945	0	
27.07.2020 11:41:45,620	0	4,603945	0	
27.07.2020 11:41:45,874	0	4,603945	0	
27.07.2020 11:41:46,134	0	4,603945	0	
27.07.2020 11:41:46,389	0	4,603945	0	
27.07.2020 11:41:46,655	0	4,603945	0	
27.07.2020 11:41:46,910	0	4,603945	0	
27.07.2020 11:41:47,168	0	4,603945	0	
27.07.2020 11:41:47,430	0	4,603945	0	
27.07.2020 11:41:47,686	0	4,603945	0	
27.07.2020 11:41:47,956	0	4,603945	0	
27.07.2020 11:41:48,207	0	4,603945	0	
27.07.2020 11:41:48,458	0	4,603945	0	
27.07.2020 11:41:48,723	0	4,603945	0	
27.07.2020 11:41:48,989	0	4,603945	0	
27.07.2020 11:41:49,256	0	4,603945	0	
27.07.2020 11:41:49,527	0	4,603945	0	
27.07.2020 11:41:49,798	0	4,603945	0	
27.07.2020 11:41:50,62	0	4,603945	0	
27.07.2020 11:41:50,329	0	4,603945	0	
27.07.2020 11:41:50,594	0,306733	4,610457	0	
27.07.2020 11:41:50,851	0,8996152	4,62053	0	
27.07.2020 11:41:51,105	1,386501	4,62927	0	
27.07.2020 11:41:51,362	0,3817225	4,632289	0	
27.07.2020 11:41:51,629	0	4,632525	0	
27.07.2020 11:41:51,898	0	4,632525	0	
27.07.2020 11:41:52,157	0	4,632525	0	
27.07.2020 11:41:52,420	0	4,632525	0	
27.07.2020 11:41:52,691	0	4,632525	0	
27.07.2020 11:41:52,956	0	4,632525	0	
27.07.2020 11:41:53,227	0	4,632525	0	
27.07.2020 11:41:53,487	0	4,632525	0	
27.07.2020 11:41:53,759	0	4,632525	0	
27.07.2020 11:41:54,27	0	4,632525	0	
27.07.2020 11:41:54,278	0	4,632525	0	
27.07.2020 11:41:54,541	0	4,632525	0	
27.07.2020 11:41:54,793	0	4,632525	0	
27.07.2020 11:41:55,59	0	4,632525	0	
27.07.2020 11:41:55,326	0	4,632525	0	
27.07.2020 11:41:55,581	0	4,632525	0	
27.07.2020 11:41:55,852	0	4,632525	0	
27.07.2020 11:41:56,116	0	4,632525	0	
27.07.2020 11:41:56,384	0	4,632525	0	
27.07.2020 11:41:56,650	0	4,632525	0	
27.07.2020 11:41:56,917	0	4,632525	0	
27.07.2020 11:41:57,185	0	4,632525	0	
27.07.2020 11:41:57,451	0	4,632525	0	
27.07.2020 11:41:57,712	0	4,632525	0	
27.07.2020 11:41:57,966	0	4,632525	0	
27.07.2020 11:41:58,220	0	4,632525	0	
27.07.2020 11:41:58,474	0	4,632525	0	
27.07.2020 11:41:58,740	0	4,632525	0	
27.07.2020 11:41:59,6	0	4,632525	0	
27.07.2020 11:41:59,270	0	4,632525	0	
27.07.2020 11:41:59,533	0	4,632525	0	
27.07.2020 11:41:59,800	0	4,632525	0	
27.07.2020 11:42:00,65	0	4,632525	0	
27.07.2020 11:42:00,330	0	4,632525	0	
27.07.2020 11:42:00,602	0	4,632525	0	
27.07.2020 11:42:00,871	0,2345083	4,637731	0	
27.07.2020 11:42:01,145	0,8862037	4,648397	0	
27.07.2020 11:42:01,406	1,382154	4,657254	0	
27.07.2020 11:42:01,670	0,4915759	4,661052	0	
27.07.2020 11:42:01,937	0	4,66138	0	
27.07.2020 11:42:02,200	0	4,66138	0	
27.07.2020 11:42:02,472	0	4,66138	0	
27.07.2020 11:42:02,742	0	4,66138	0	
27.07.2020 11:42:03,1	0	4,66138	0	
27.07.2020 11:42:03,260	0	4,66138	0	
27.07.2020 11:42:03,519	0	4,66138	0	
27.07.2020 11:42:03,772	0	4,66138	0	
27.07.2020 11:42:04,34	0	4,66138	0	
27.07.2020 11:42:04,285	0	4,66138	0	
27.07.2020 11:42:04,555	0	4,66138	0	
27.07.2020 11:42:04,825	0	4,66138	0	
27.07.2020 11:42:05,97	0	4,66138	0	
27.07.2020 11:42:05,351	0	4,66138	0	
27.07.2020 11:42:05,608	0	4,66138	0	
27.07.2020 11:42:05,877	0	4,66138	0	
27.07.2020 11:42:06,132	0	4,66138	0	
27.07.2020 11:42:06,399	0	4,66138	0	
