Zeit:	Istwert Durchfluss	Totalisator	Alarm Nr. 1	
				
27.07.2020 11:55:28,894	0	0	0	
27.07.2020 11:55:29,163	0	0	0	
27.07.2020 11:55:29,415	0	0	0	
27.07.2020 11:55:29,683	0	0	0	
27.07.2020 11:55:29,936	0	0	0	
27.07.2020 11:55:30,202	0	0	0	
27.07.2020 11:55:30,469	0	0	0	
27.07.2020 11:55:30,726	0	0	0	
27.07.2020 11:55:30,992	0	0	0	
27.07.2020 11:55:31,245	0	0	0	
27.07.2020 11:55:31,517	0	0	0	
27.07.2020 11:55:31,777	0	0	0	
27.07.2020 11:55:32,42	0	0	0	
27.07.2020 11:55:32,294	0	0	0	
27.07.2020 11:55:32,562	0	0	0	
27.07.2020 11:55:32,823	0	0	0	
27.07.2020 11:55:33,89	0	0	0	
27.07.2020 11:55:33,341	0	0	0	
27.07.2020 11:55:33,598	0	0	0	
27.07.2020 11:55:33,867	0	0	0	
27.07.2020 11:55:34,119	0	0	0	
27.07.2020 11:55:34,385	0	0	0	
27.07.2020 11:55:34,654	0	0	0	
27.07.2020 11:55:34,922	0,3319673	0,006614513	0	
27.07.2020 11:55:35,174	0,8851956	0,01564052	0	
27.07.2020 11:55:35,441	1,411599	0,0251	0	
27.07.2020 11:55:35,705	0,4967021	0,02884786	0	
27.07.2020 11:55:35,977	0	0,02919056	0	
27.07.2020 11:55:36,248	0	0,02919056	0	
27.07.2020 11:55:36,512	0	0,02919056	0	
27.07.2020 11:55:36,774	0	0,02919056	0	
27.07.2020 11:55:37,28	0	0,02919056	0	
27.07.2020 11:55:37,282	0	0,02919056	0	
27.07.2020 11:55:37,548	0	0,02919056	0	
27.07.2020 11:55:37,806	0	0,02919056	0	
27.07.2020 11:55:38,77	0	0,02919056	0	
27.07.2020 11:55:38,348	0	0,02919056	0	
27.07.2020 11:55:38,604	0	0,02919056	0	
27.07.2020 11:55:38,861	0	0,02919056	0	
27.07.2020 11:55:39,127	0	0,02919056	0	
27.07.2020 11:55:39,396	0	0,02919056	0	
27.07.2020 11:55:39,656	0	0,02919056	0	
27.07.2020 11:55:39,909	0	0,02919056	0	
27.07.2020 11:55:40,181	0	0,02919056	0	
27.07.2020 11:55:40,449	0	0,02919056	0	
27.07.2020 11:55:40,720	0	0,02919056	0	
27.07.2020 11:55:40,991	0	0,02919056	0	
27.07.2020 11:55:41,259	0	0,02919056	0	
27.07.2020 11:55:41,512	0	0,02919056	0	
27.07.2020 11:55:41,768	0	0,02919056	0	
27.07.2020 11:55:42,41	0	0,02919056	0	
27.07.2020 11:55:42,312	0	0,02919056	0	
27.07.2020 11:55:42,564	0	0,02919056	0	
27.07.2020 11:55:42,820	0	0,02919056	0	
27.07.2020 11:55:43,86	0	0,02919056	0	
27.07.2020 11:55:43,354	0	0,02919056	0	
27.07.2020 11:55:43,615	0	0,02919056	0	
27.07.2020 11:55:43,879	0	0,02919056	0	
27.07.2020 11:55:44,143	0	0,02919056	0	
27.07.2020 11:55:44,405	0	0,02919056	0	
27.07.2020 11:55:44,659	0	0,02919056	0	
27.07.2020 11:55:44,929	0	0,02919056	0	
27.07.2020 11:55:45,200	0,2698406	0,03416459	0	
27.07.2020 11:55:45,473	0,879378	0,04477767	0	
27.07.2020 11:55:45,729	1,379942	0,05428978	0	
27.07.2020 11:55:46,3	0,4734949	0,05793126	0	
27.07.2020 11:55:46,255	0	0,05825131	0	
27.07.2020 11:55:46,508	0	0,05825131	0	
27.07.2020 11:55:46,773	0	0,05825131	0	
27.07.2020 11:55:47,34	0	0,05825131	0	
27.07.2020 11:55:47,297	0	0,05825131	0	
27.07.2020 11:55:47,554	0	0,05825131	0	
27.07.2020 11:55:47,821	0	0,05825131	0	
27.07.2020 11:55:48,77	0	0,05825131	0	
27.07.2020 11:55:48,350	0	0,05825131	0	
27.07.2020 11:55:48,615	0	0,05825131	0	
27.07.2020 11:55:48,877	0	0,05825131	0	
27.07.2020 11:55:49,149	0	0,05825131	0	
27.07.2020 11:55:49,405	0	0,05825131	0	
27.07.2020 11:55:49,670	0	0,05825131	0	
27.07.2020 11:55:49,933	0	0,05825131	0	
27.07.2020 11:55:50,198	0	0,05825131	0	
27.07.2020 11:55:50,459	0	0,05825131	0	
27.07.2020 11:55:50,726	0	0,05825131	0	
27.07.2020 11:55:50,997	0	0,05825131	0	
27.07.2020 11:55:51,251	0	0,05825131	0	
27.07.2020 11:55:51,515	0	0,05825131	0	
27.07.2020 11:55:51,783	0	0,05825131	0	
27.07.2020 11:55:52,46	0	0,05825131	0	
27.07.2020 11:55:52,300	0	0,05825131	0	
27.07.2020 11:55:52,555	0	0,05825131	0	
27.07.2020 11:55:52,835	0	0,05825131	0	
27.07.2020 11:55:53,95	0	0,05825131	0	
27.07.2020 11:55:53,351	0	0,05825131	0	
27.07.2020 11:55:53,605	0	0,05825131	0	
27.07.2020 11:55:53,866	0	0,05825131	0	
27.07.2020 11:55:54,135	0	0,05825131	0	
27.07.2020 11:55:54,405	0	0,05825131	0	
27.07.2020 11:55:54,675	0	0,05825131	0	
27.07.2020 11:55:54,934	0	0,05825131	0	
27.07.2020 11:55:55,206	0	0,05825131	0	
27.07.2020 11:55:55,461	0,1764469	0,06177389	0	
27.07.2020 11:55:55,726	0,7944	0,0723542	0	
27.07.2020 11:55:55,979	1,307487	0,08214318	0	
27.07.2020 11:55:56,248	0,6747555	0,08673359	0	
27.07.2020 11:55:56,520	0	0,08744135	0	
27.07.2020 11:55:56,773	0	0,08744135	0	
27.07.2020 11:55:57,41	0	0,08744135	0	
27.07.2020 11:55:57,295	0	0,08744135	0	
27.07.2020 11:55:57,548	0	0,08744135	0	
27.07.2020 11:55:57,811	0	0,08744135	0	
27.07.2020 11:55:58,81	0	0,08744135	0	
27.07.2020 11:55:58,347	0	0,08744135	0	
27.07.2020 11:55:58,601	0	0,08744135	0	
27.07.2020 11:55:58,875	0	0,08744135	0	
27.07.2020 11:55:59,148	0	0,08744135	0	
27.07.2020 11:55:59,404	0	0,08744135	0	
27.07.2020 11:55:59,661	0	0,08744135	0	
27.07.2020 11:55:59,918	0	0,08744135	0	
27.07.2020 11:56:00,179	0	0,08744135	0	
27.07.2020 11:56:00,434	0	0,08744135	0	
27.07.2020 11:56:00,701	0	0,08744135	0	
27.07.2020 11:56:00,956	0	0,08744135	0	
27.07.2020 11:56:01,227	0	0,08744135	0	
27.07.2020 11:56:01,478	0	0,08744135	0	
27.07.2020 11:56:01,750	0	0,08744135	0	
27.07.2020 11:56:02,11	0	0,08744135	0	
27.07.2020 11:56:02,283	0	0,08744135	0	
27.07.2020 11:56:02,546	0	0,08744135	0	
27.07.2020 11:56:02,808	0	0,08744135	0	
27.07.2020 11:56:03,68	0	0,08744135	0	
27.07.2020 11:56:03,337	0	0,08744135	0	
27.07.2020 11:56:03,609	0	0,08744135	0	
27.07.2020 11:56:03,881	0	0,08744135	0	
27.07.2020 11:56:04,135	0	0,08744135	0	
27.07.2020 11:56:04,398	0	0,08744135	0	
27.07.2020 11:56:04,659	0	0,08744135	0	
27.07.2020 11:56:04,925	0	0,08744135	0	
27.07.2020 11:56:05,181	0	0,08744135	0	
27.07.2020 11:56:05,437	0	0,08744135	0	
27.07.2020 11:56:05,698	0,108172	0,08999459	0	
27.07.2020 11:56:05,971	0,7268752	0,100467	0	
27.07.2020 11:56:06,233	1,250816	0,1103356	0	
27.07.2020 11:56:06,504	0,8853456	0,116347	0	
27.07.2020 11:56:06,777	0,06911287	0,1173498	0	
27.07.2020 11:56:07,42	0	0,1173498	0	
27.07.2020 11:56:07,304	0	0,1173498	0	
27.07.2020 11:56:07,577	0	0,1173498	0	
27.07.2020 11:56:07,845	0	0,1173498	0	
27.07.2020 11:56:08,111	0	0,1173498	0	
27.07.2020 11:56:08,375	0	0,1173498	0	
27.07.2020 11:56:08,633	0	0,1173498	0	
27.07.2020 11:56:08,903	0	0,1173498	0	
27.07.2020 11:56:09,177	0	0,1173498	0	
27.07.2020 11:56:09,445	0	0,1173498	0	
27.07.2020 11:56:09,715	0	0,1173498	0	
27.07.2020 11:56:09,974	0	0,1173498	0	
27.07.2020 11:56:10,227	0	0,1173498	0	
27.07.2020 11:56:10,493	0	0,1173498	0	
27.07.2020 11:56:10,757	0	0,1173498	0	
27.07.2020 11:56:11,20	0	0,1173498	0	
27.07.2020 11:56:11,273	0	0,1173498	0	
27.07.2020 11:56:11,534	0	0,1173498	0	
27.07.2020 11:56:11,795	0	0,1173498	0	
27.07.2020 11:56:12,51	0	0,1173498	0	
27.07.2020 11:56:12,303	0	0,1173498	0	
27.07.2020 11:56:12,575	0	0,1173498	0	
27.07.2020 11:56:12,832	0	0,1173498	0	
27.07.2020 11:56:13,100	0	0,1173498	0	
27.07.2020 11:56:13,370	0,09838401	0,1188471	0	
27.07.2020 11:56:13,627	0,2084878	0,1202848	0	
27.07.2020 11:56:13,898	0,2466367	0,1214978	0	
27.07.2020 11:56:14,150	0,2331706	0,1222854	0	
27.07.2020 11:56:14,412	0,1956313	0,1229321	0	
27.07.2020 11:56:14,682	0,1401995	0,1235135	0	
27.07.2020 11:56:14,949	0,1156727	0,1240161	0	
27.07.2020 11:56:15,204	0,1174413	0,1245483	0	
27.07.2020 11:56:15,457	0,1236709	0,1250821	0	
27.07.2020 11:56:15,728	0,133774	0,1257011	0	
27.07.2020 11:56:15,993	1,381743	0,1302428	0	
27.07.2020 11:56:16,248	1,62	0,1380005	0	
27.07.2020 11:56:16,521	1,62	0,1459875	0	
27.07.2020 11:56:16,773	1,62	0,1534598	0	
27.07.2020 11:56:17,39	1,335817	0,1569971	0	
27.07.2020 11:56:17,311	0,7574544	0,1580084	0	
27.07.2020 11:56:17,566	0	0,1580084	0	
27.07.2020 11:56:17,831	0	0,1580084	0	
27.07.2020 11:56:18,93	0	0,1580084	0	
27.07.2020 11:56:18,353	0	0,1580084	0	
27.07.2020 11:56:18,616	0	0,1580084	0	
27.07.2020 11:56:18,887	0	0,1580084	0	
27.07.2020 11:56:19,147	0	0,1580084	0	
27.07.2020 11:56:19,405	0	0,1580084	0	
27.07.2020 11:56:19,656	0	0,1580084	0	
27.07.2020 11:56:19,921	0	0,1580084	0	
27.07.2020 11:56:20,174	0	0,1580084	0	
27.07.2020 11:56:20,438	0	0,1580084	0	
27.07.2020 11:56:20,709	0	0,1580084	0	
27.07.2020 11:56:20,964	0	0,1580084	0	
27.07.2020 11:56:21,219	0,02797556	0,1587789	0	
27.07.2020 11:56:21,489	0,2335385	0,1612262	0	
27.07.2020 11:56:21,757	0,3616084	0,163141	0	
27.07.2020 11:56:22,8	0,3809095	0,1647774	0	
27.07.2020 11:56:22,277	0,3556766	0,1662304	0	
27.07.2020 11:56:22,547	0,3085136	0,1672955	0	
27.07.2020 11:56:22,814	0,251478	0,1684493	0	
27.07.2020 11:56:23,79	0,2384004	0,1695562	0	
27.07.2020 11:56:23,347	0,2394422	0,1706112	0	
27.07.2020 11:56:23,606	0,2428127	0,1716988	0	
27.07.2020 11:56:23,877	0,2486139	0,1728271	0	
27.07.2020 11:56:24,131	0,2558144	0,1739842	0	
27.07.2020 11:56:24,398	0,2608719	0,1751433	0	
27.07.2020 11:56:24,661	0,263687	0,1764021	0	
27.07.2020 11:56:24,912	0,2654799	0,1774781	0	
27.07.2020 11:56:25,176	0,2658063	0,178634	0	
27.07.2020 11:56:25,436	0,2666665	0,1797994	0	
27.07.2020 11:56:25,689	0,2669039	0,1809536	0	
27.07.2020 11:56:25,961	0,2672668	0,1821159	0	
27.07.2020 11:56:26,225	0,3693917	0,1856063	0	
27.07.2020 11:56:26,492	0,9397143	0,1933931	0	
27.07.2020 11:56:26,743	1,415003	0,2008426	0	
27.07.2020 11:56:27,14	1,59606	0,2097598	0	
27.07.2020 11:56:27,276	1,538717	0,2158748	0	
27.07.2020 11:56:27,541	1,111893	0,2178793	0	
27.07.2020 11:56:27,798	0,4923051	0,2183479	0	
27.07.2020 11:56:28,68	0	0,2183479	0	
27.07.2020 11:56:28,323	0	0,2183479	0	
27.07.2020 11:56:28,588	0	0,2183479	0	
27.07.2020 11:56:28,859	0	0,2183479	0	
27.07.2020 11:56:29,118	0	0,2183479	0	
27.07.2020 11:56:29,375	0	0,2183479	0	
27.07.2020 11:56:29,639	0	0,2184784	0	
27.07.2020 11:56:29,890	0,1681768	0,2207248	0	
27.07.2020 11:56:30,152	0,3094585	0,2226849	0	
27.07.2020 11:56:30,413	0,3712061	0,2243688	0	
27.07.2020 11:56:30,676	0,3551338	0,2258676	0	
27.07.2020 11:56:30,940	0,3188672	0,2269652	0	
27.07.2020 11:56:31,204	0,2679069	0,2281249	0	
27.07.2020 11:56:31,468	0,2483251	0,2291898	0	
27.07.2020 11:56:31,734	0,2490436	0,2302836	0	
27.07.2020 11:56:31,987	0,2530699	0,2314247	0	
27.07.2020 11:56:32,240	0,2623161	0,2325296	0	
27.07.2020 11:56:32,509	0,2695323	0,2338392	0	
27.07.2020 11:56:32,778	0,2763499	0,235084	0	
27.07.2020 11:56:33,42	0,2803227	0,2364279	0	
27.07.2020 11:56:33,302	0,2825346	0,237577	0	
27.07.2020 11:56:33,574	0,2866182	0,2389653	0	
27.07.2020 11:56:33,831	0,3028645	0,2404133	0	
27.07.2020 11:56:34,99	0,3515405	0,242085	0	
27.07.2020 11:56:34,355	0,424463	0,2439233	0	
27.07.2020 11:56:34,617	0,4395363	0,2458616	0	
27.07.2020 11:56:34,877	0,4456944	0,2478467	0	
27.07.2020 11:56:35,141	0,4490426	0,2498172	0	
27.07.2020 11:56:35,393	0,4499335	0,2517726	0	
27.07.2020 11:56:35,652	0,4491251	0,2537069	0	
27.07.2020 11:56:35,917	0,4466512	0,255623	0	
27.07.2020 11:56:36,189	0,4454916	0,2576949	0	
27.07.2020 11:56:36,447	0,4602719	0,2603244	0	
27.07.2020 11:56:36,706	0,8837027	0,267819	0	
27.07.2020 11:56:36,969	1,315642	0,2759212	0	
27.07.2020 11:56:37,239	1,595263	0,2848904	0	
27.07.2020 11:56:37,508	1,603628	0,2933593	0	
27.07.2020 11:56:37,779	1,453299	0,298115	0	
27.07.2020 11:56:38,45	0,9954261	0,3000781	0	
27.07.2020 11:56:38,307	0,3913617	0,3005843	0	
27.07.2020 11:56:38,571	0,03379298	0,3007811	0	
27.07.2020 11:56:38,842	0,04525261	0,3011305	0	
27.07.2020 11:56:39,94	0,1119731	0,3020125	0	
27.07.2020 11:56:39,359	0,2882269	0,3035308	0	
27.07.2020 11:56:39,626	0,4450753	0,305564	0	
27.07.2020 11:56:39,894	0,4536089	0,3076234	0	
27.07.2020 11:56:40,165	0,4692585	0,3099005	0	
27.07.2020 11:56:40,430	0,4732268	0,3119674	0	
27.07.2020 11:56:40,693	0,4715968	0,3139896	0	
27.07.2020 11:56:40,966	0,467663	0,3161336	0	
27.07.2020 11:56:41,221	0,4635756	0,3179552	0	
27.07.2020 11:56:41,485	0,4623021	0,3199526	0	
27.07.2020 11:56:41,745	0,4637148	0,3221343	0	
27.07.2020 11:56:41,997	0,4665667	0,3241848	0	
27.07.2020 11:56:42,256	0,4704262	0,3260971	0	
27.07.2020 11:56:42,521	0,4738139	0,3281797	0	
27.07.2020 11:56:42,786	0,4775073	0,3304463	0	
27.07.2020 11:56:43,57	0,4814523	0,3325658	0	
27.07.2020 11:56:43,323	0,4845191	0,3348572	0	
27.07.2020 11:56:43,592	0,4877787	0,3369967	0	
27.07.2020 11:56:43,864	0,4894415	0,3391282	0	
27.07.2020 11:56:44,127	0,4913997	0,3414441	0	
27.07.2020 11:56:44,379	0,4936966	0,3436055	0	
27.07.2020 11:56:44,645	0,4960179	0,3456112	0	
27.07.2020 11:56:44,909	0,498882	0,3479631	0	
27.07.2020 11:56:45,175	0,5008774	0,3503191	0	
27.07.2020 11:56:45,438	0,5036593	0,3523649	0	
27.07.2020 11:56:45,697	0,5203968	0,3547826	0	
27.07.2020 11:56:45,962	0,5776132	0,3578176	0	
27.07.2020 11:56:46,231	0,693261	0,3610289	0	
27.07.2020 11:56:46,488	0,7977989	0,36449	0	
27.07.2020 11:56:46,749	0,8204404	0,3687162	0	
27.07.2020 11:56:47,17	1,152903	0,3763372	0	
27.07.2020 11:56:47,286	1,435234	0,3849052	0	
27.07.2020 11:56:47,550	1,599997	0,3931237	0	
27.07.2020 11:56:47,806	1,606761	0,4009168	0	
27.07.2020 11:56:48,72	1,611238	0,4102683	0	
27.07.2020 11:56:48,338	1,603217	0,4182146	0	
27.07.2020 11:56:48,595	1,35	0,4214734	0	
27.07.2020 11:56:48,850	0,9061659	0,4235923	0	
27.07.2020 11:56:49,107	0,4612274	0,4252489	0	
27.07.2020 11:56:49,380	0,4137383	0,4271506	0	
27.07.2020 11:56:49,633	0,4672696	0,4295965	0	
27.07.2020 11:56:49,901	0,6066964	0,4328399	0	
27.07.2020 11:56:50,158	0,7984833	0,4362663	0	
27.07.2020 11:56:50,410	0,8133754	0,4396152	0	
27.07.2020 11:56:50,669	0,8279307	0,4433405	0	
27.07.2020 11:56:50,923	0,8406117	0,447085	0	
27.07.2020 11:56:51,180	0,8469958	0,4508046	0	
27.07.2020 11:56:51,451	0,8504443	0,45452	0	
27.07.2020 11:56:51,710	0,8521014	0,4582276	0	
27.07.2020 11:56:51,963	0,8538026	0,461948	0	
27.07.2020 11:56:52,217	0,857797	0,4657032	0	
27.07.2020 11:56:52,477	0,8631559	0,4692044	0	
27.07.2020 11:56:52,746	0,8703741	0,473338	0	
27.07.2020 11:56:53,6	0,8778524	0,4772111	0	
27.07.2020 11:56:53,278	0,8851031	0,4811085	0	
27.07.2020 11:56:53,548	0,891634	0,4853318	0	
27.07.2020 11:56:53,805	0,8973745	0,4892699	0	
27.07.2020 11:56:54,70	0,9029853	0,4932365	0	
27.07.2020 11:56:54,341	0,9089486	0,4975321	0	
27.07.2020 11:56:54,592	0,9135875	0,5012341	0	
27.07.2020 11:56:54,843	0,9195763	0,5052773	0	
27.07.2020 11:56:55,99	0,9252474	0,5090222	0	
27.07.2020 11:56:55,350	0,9299064	0,5130991	0	
27.07.2020 11:56:55,605	0,9358006	0,5172059	0	
27.07.2020 11:56:55,859	0,940694	0,5213295	0	
27.07.2020 11:56:56,111	0,9459732	0,5251654	0	
27.07.2020 11:56:56,364	0,9509625	0,5290096	0	
27.07.2020 11:56:56,619	0,9549532	0,5331836	0	
27.07.2020 11:56:56,889	0,9593986	0,5377011	0	
27.07.2020 11:56:57,155	1,059232	0,5437617	0	
27.07.2020 11:56:57,417	1,330488	0,551575	0	
27.07.2020 11:56:57,670	1,520296	0,5596761	0	
27.07.2020 11:56:57,943	1,587427	0,5680086	0	
27.07.2020 11:56:58,205	1,598442	0,5772812	0	
27.07.2020 11:56:58,475	1,605732	0,5868379	0	
27.07.2020 11:56:58,739	1,610852	0,595279	0	
27.07.2020 11:56:58,992	1,61375	0,6034046	0	
27.07.2020 11:56:59,245	1,384468	0,6072161	0	
27.07.2020 11:56:59,499	0,9917467	0,6097366	0	
27.07.2020 11:56:59,762	0,621635	0,6118353	0	
27.07.2020 11:57:00,25	0,5940865	0,6147061	0	
27.07.2020 11:57:00,297	0,6608139	0,6183024	0	
27.07.2020 11:57:00,565	0,7954423	0,6218966	0	
27.07.2020 11:57:00,834	0,9907649	0,6264961	0	
27.07.2020 11:57:01,98	1,015317	0,6309333	0	
27.07.2020 11:57:01,349	1,022186	0,6354302	0	
27.07.2020 11:57:01,601	1,027084	0,6395719	0	
27.07.2020 11:57:01,862	1,027411	0,644361	0	
27.07.2020 11:57:02,122	1,024999	0,6487812	0	
27.07.2020 11:57:02,377	1,022765	0,6528543	0	
27.07.2020 11:57:02,646	1,021874	0,6576209	0	
27.07.2020 11:57:02,897	1,023971	0,6617346	0	
27.07.2020 11:57:03,152	1,026614	0,6662131	0	
27.07.2020 11:57:03,407	1,030844	0,6703696	0	
27.07.2020 11:57:03,673	1,025672	0,6750641	0	
27.07.2020 11:57:03,935	0,9941837	0,6790758	0	
27.07.2020 11:57:04,191	0,9293559	0,6827642	0	
27.07.2020 11:57:04,454	0,8276286	0,6862072	0	
27.07.2020 11:57:04,723	0,7845585	0,6898111	0	
27.07.2020 11:57:04,990	0,7801617	0,6931595	0	
27.07.2020 11:57:05,248	0,7804389	0,6965564	0	
27.07.2020 11:57:05,519	0,786598	0,7002935	0	
27.07.2020 11:57:05,777	0,7944995	0,7035381	0	
27.07.2020 11:57:06,47	0,8027475	0,7073652	0	
27.07.2020 11:57:06,301	0,8100477	0,7109373	0	
27.07.2020 11:57:06,573	0,8149912	0,7145162	0	
27.07.2020 11:57:06,825	0,819417	0,7178296	0	
27.07.2020 11:57:07,79	0,8214628	0,7214046	0	
27.07.2020 11:57:07,330	0,8281114	0,7253332	0	
27.07.2020 11:57:07,597	1,122866	0,732742	0	
27.07.2020 11:57:07,849	1,383782	0,7406114	0	
27.07.2020 11:57:08,104	1,58901	0,7487293	0	
27.07.2020 11:57:08,374	1,603062	0,7570955	0	
27.07.2020 11:57:08,639	1,60914	0,7656817	0	
27.07.2020 11:57:08,907	1,612813	0,7752001	0	
27.07.2020 11:57:09,173	1,541922	0,7810162	0	
27.07.2020 11:57:09,431	1,183833	0,7838067	0	
27.07.2020 11:57:09,703	0,6574565	0,7856315	0	
27.07.2020 11:57:09,963	0,3734681	0,7872101	0	
27.07.2020 11:57:10,225	0,4034016	0,7890592	0	
27.07.2020 11:57:10,498	0,5022904	0,7918463	0	
27.07.2020 11:57:10,759	0,6806547	0,7952206	0	
27.07.2020 11:57:11,10	0,784605	0,7983868	0	
27.07.2020 11:57:11,277	0,7964593	0,8019457	0	
27.07.2020 11:57:11,534	0,807007	0,8055433	0	
27.07.2020 11:57:11,807	0,8130062	0,8091038	0	
27.07.2020 11:57:12,66	0,8133606	0,8128954	0	
27.07.2020 11:57:12,324	0,8109378	0,816385	0	
27.07.2020 11:57:12,595	0,8081732	0,8198676	0	
27.07.2020 11:57:12,865	0,8075147	0,8236316	0	
27.07.2020 11:57:13,127	0,8081853	0,8271418	0	
27.07.2020 11:57:13,384	0,8098618	0,8303965	0	
27.07.2020 11:57:13,656	0,8127983	0,8342161	0	
27.07.2020 11:57:13,916	0,8146282	0,8380397	0	
27.07.2020 11:57:14,177	0,817058	0,8413287	0	
27.07.2020 11:57:14,438	0,8189734	0,8448915	0	
27.07.2020 11:57:14,689	0,8201478	0,8484571	0	
27.07.2020 11:57:14,944	0,8216588	0,8520277	0	
27.07.2020 11:57:15,204	0,8219342	0,8553174	0	
27.07.2020 11:57:15,473	0,8232965	0,8591774	0	
27.07.2020 11:57:15,736	0,8244601	0,8630325	0	
27.07.2020 11:57:15,996	0,8245238	0,8663331	0	
27.07.2020 11:57:16,268	0,8252744	0,8701843	0	
27.07.2020 11:57:16,534	0,8243664	0,8737459	0	
27.07.2020 11:57:16,801	0,8237267	0,8773133	0	
27.07.2020 11:57:17,55	0,8226504	0,8808681	0	
27.07.2020 11:57:17,312	0,821174	0,884414	0	
27.07.2020 11:57:17,576	0,8154498	0,8879033	0	
27.07.2020 11:57:17,830	0,9956712	0,894465	0	
27.07.2020 11:57:18,85	1,291879	0,9023151	0	
27.07.2020 11:57:18,340	1,528076	0,9104026	0	
27.07.2020 11:57:18,592	1,600083	0,9180546	0	
27.07.2020 11:57:18,863	1,60723	0,9265651	0	
27.07.2020 11:57:19,133	1,529013	0,9327872	0	
27.07.2020 11:57:19,395	1,130074	0,9350388	0	
27.07.2020 11:57:19,648	0,5531662	0,9358279	0	
27.07.2020 11:57:19,909	0,06149987	0,9361444	0	
27.07.2020 11:57:20,177	0,07906926	0,9366528	0	
27.07.2020 11:57:20,436	0,1391291	0,93766	0	
27.07.2020 11:57:20,688	0,2882358	0,9393522	0	
27.07.2020 11:57:20,951	0,4935282	0,9414468	0	
27.07.2020 11:57:21,217	0,5118033	0,9437405	0	
27.07.2020 11:57:21,472	0,5226057	0,9461026	0	
27.07.2020 11:57:21,738	0,5290571	0,9484381	0	
27.07.2020 11:57:21,994	0,52854	0,9507175	0	
27.07.2020 11:57:22,262	0,5253603	0,9529599	0	
27.07.2020 11:57:22,532	0,5202787	0,9553375	0	
27.07.2020 11:57:22,782	0,5173139	0,9575607	0	
27.07.2020 11:57:23,49	0,5169523	0,9598029	0	
27.07.2020 11:57:23,320	0,518559	0,9620668	0	
27.07.2020 11:57:23,580	0,5218193	0,9645307	0	
27.07.2020 11:57:23,839	0,5241379	0,9666467	0	
27.07.2020 11:57:24,100	0,5265791	0,9689509	0	
27.07.2020 11:57:24,368	0,5288388	0,9714412	0	
27.07.2020 11:57:24,638	0,5302979	0,9737498	0	
27.07.2020 11:57:24,896	0,5313538	0,9760602	0	
27.07.2020 11:57:25,154	0,5314999	0,9783639	0	
27.07.2020 11:57:25,408	0,531889	0,9806735	0	
27.07.2020 11:57:25,681	0,5327548	0,9829907	0	
27.07.2020 11:57:25,946	0,5334702	0,9854887	0	
27.07.2020 11:57:26,209	0,5341248	0,9878094	0	
27.07.2020 11:57:26,476	0,5337774	0,9901162	0	
27.07.2020 11:57:26,728	0,5333766	0,9924234	0	
27.07.2020 11:57:26,998	0,5332462	0,9947323	0	
27.07.2020 11:57:27,263	0,5325202	0,9970368	0	
27.07.2020 11:57:27,535	0,5332165	0,9995354	0	
27.07.2020 11:57:27,797	0,5341677	1,001855	0	
27.07.2020 11:57:28,51	0,6289586	1,006268	0	
27.07.2020 11:57:28,313	1,074951	1,014	0	
27.07.2020 11:57:28,571	1,443333	1,021971	0	
27.07.2020 11:57:28,835	1,599369	1,030177	0	
27.07.2020 11:57:29,103	1,606772	1,039236	0	
27.07.2020 11:57:29,373	1,516196	1,04458	0	
27.07.2020 11:57:29,633	1,118331	1,046892	0	
27.07.2020 11:57:29,905	0,4890289	1,04785	0	
27.07.2020 11:57:30,175	0,1077238	1,048338	0	
27.07.2020 11:57:30,437	0,1277827	1,049026	0	
27.07.2020 11:57:30,703	0,1996656	1,050411	0	
27.07.2020 11:57:30,974	0,3507657	1,052236	0	
27.07.2020 11:57:31,225	0,4999105	1,054382	0	
27.07.2020 11:57:31,491	0,5101171	1,056696	0	
27.07.2020 11:57:31,744	0,5222664	1,059036	0	
27.07.2020 11:57:32,17	0,5264354	1,061342	0	
27.07.2020 11:57:32,281	0,5255316	1,063774	0	
27.07.2020 11:57:32,548	0,5208282	1,065986	0	
27.07.2020 11:57:32,814	0,5169461	1,068195	0	
27.07.2020 11:57:33,88	0,5143954	1,070577	0	
27.07.2020 11:57:33,357	0,5139856	1,072803	0	
27.07.2020 11:57:33,617	0,5151846	1,075047	0	
27.07.2020 11:57:33,882	0,5166964	1,077472	0	
27.07.2020 11:57:34,154	0,5187657	1,079743	0	
27.07.2020 11:57:34,405	0,5204688	1,082012	0	
27.07.2020 11:57:34,671	0,5216435	1,084283	0	
27.07.2020 11:57:34,937	0,5231767	1,086562	0	
27.07.2020 11:57:35,205	0,5243178	1,089018	0	
27.07.2020 11:57:35,477	0,5250698	1,091297	0	
27.07.2020 11:57:35,742	0,5167825	1,093445	0	
27.07.2020 11:57:36,4	0,4897222	1,095531	0	
27.07.2020 11:57:36,258	0,4416119	1,09716	0	
27.07.2020 11:57:36,531	0,387901	1,098943	0	
27.07.2020 11:57:36,794	0,384228	1,100579	0	
27.07.2020 11:57:37,68	0,3820776	1,102222	0	
27.07.2020 11:57:37,339	0,3832058	1,104024	0	
27.07.2020 11:57:37,598	0,3870996	1,105867	0	
27.07.2020 11:57:37,864	0,3911073	1,107465	0	
27.07.2020 11:57:38,135	0,3955731	1,109361	0	
27.07.2020 11:57:38,404	0,6057599	1,114025	0	
27.07.2020 11:57:38,668	1,116135	1,122299	0	
27.07.2020 11:57:38,936	1,516628	1,130869	0	
27.07.2020 11:57:39,193	1,600402	1,138394	0	
27.07.2020 11:57:39,447	1,595968	1,145061	0	
27.07.2020 11:57:39,702	1,299604	1,1486	0	
27.07.2020 11:57:39,971	0,7527364	1,149711	0	
27.07.2020 11:57:40,241	0	1,149906	0	
27.07.2020 11:57:40,504	0	1,149906	0	
27.07.2020 11:57:40,766	0	1,149906	0	
27.07.2020 11:57:41,30	0	1,149906	0	
27.07.2020 11:57:41,294	0,04187797	1,151104	0	
27.07.2020 11:57:41,566	0,2879904	1,153809	0	
27.07.2020 11:57:41,830	0,4431471	1,156146	0	
27.07.2020 11:57:42,96	0,4777765	1,158199	0	
27.07.2020 11:57:42,358	0,4535786	1,159983	0	
27.07.2020 11:57:42,611	0,4124593	1,161578	0	
27.07.2020 11:57:42,882	0,3584188	1,163207	0	
27.07.2020 11:57:43,148	0,3539274	1,164728	0	
27.07.2020 11:57:43,399	0,3557564	1,166174	0	
27.07.2020 11:57:43,663	0,3621662	1,167933	0	
27.07.2020 11:57:43,924	0,3702731	1,169608	0	
27.07.2020 11:57:44,190	0,3770042	1,171305	0	
27.07.2020 11:57:44,454	0,3836876	1,173024	0	
27.07.2020 11:57:44,705	0,3877024	1,174737	0	
27.07.2020 11:57:44,958	0,3911624	1,176464	0	
27.07.2020 11:57:45,225	0,3937665	1,178059	0	
27.07.2020 11:57:45,487	0,3950873	1,179918	0	
27.07.2020 11:57:45,749	0,3965521	1,181651	0	
27.07.2020 11:57:46,20	0,3977904	1,183382	0	
27.07.2020 11:57:46,283	0,3983574	1,185246	0	
27.07.2020 11:57:46,539	0,3989357	1,186981	0	
27.07.2020 11:57:46,801	0,399282	1,188581	0	
27.07.2020 11:57:47,53	0,4000423	1,190323	0	
27.07.2020 11:57:47,307	0,3997772	1,192051	0	
27.07.2020 11:57:47,560	0,3997813	1,193783	0	
27.07.2020 11:57:47,819	0,3998543	1,195512	0	
27.07.2020 11:57:48,78	0,399381	1,197106	0	
27.07.2020 11:57:48,345	0,3996927	1,198977	0	
27.07.2020 11:57:48,595	0,4209011	1,201439	0	
27.07.2020 11:57:48,865	0,9157706	1,208985	0	
27.07.2020 11:57:49,127	1,353429	1,217709	0	
27.07.2020 11:57:49,380	1,597061	1,226058	0	
27.07.2020 11:57:49,641	1,604818	1,234044	0	
27.07.2020 11:57:49,914	1,392118	1,237769	0	
27.07.2020 11:57:50,184	0,841472	1,239141	0	
27.07.2020 11:57:50,449	0	1,239335	0	
27.07.2020 11:57:50,702	0	1,239335	0	
27.07.2020 11:57:50,965	0	1,239335	0	
27.07.2020 11:57:51,234	0	1,239335	0	
27.07.2020 11:57:51,486	0	1,239335	0	
27.07.2020 11:57:51,747	0	1,239335	0	
27.07.2020 11:57:52,20	0,06221823	1,240415	0	
27.07.2020 11:57:52,286	0,2345073	1,242532	0	
27.07.2020 11:57:52,543	0,3279589	1,244185	0	
27.07.2020 11:57:52,796	0,331469	1,245546	0	
27.07.2020 11:57:53,55	0,3064788	1,246575	0	
27.07.2020 11:57:53,315	0,2603087	1,247542	0	
27.07.2020 11:57:53,572	0,2178679	1,248466	0	
27.07.2020 11:57:53,829	0,2162796	1,249404	0	
27.07.2020 11:57:54,94	0,2199688	1,250398	0	
27.07.2020 11:57:54,352	0,2292101	1,251451	0	
27.07.2020 11:57:54,607	0,2413966	1,252536	0	
27.07.2020 11:57:54,869	0,2509806	1,253654	0	
27.07.2020 11:57:55,129	0,2535077	1,254772	0	
27.07.2020 11:57:55,388	0,2553958	1,255896	0	
27.07.2020 11:57:55,655	0,2570434	1,25702	0	
27.07.2020 11:57:55,925	0,2570172	1,258221	0	
27.07.2020 11:57:56,195	0,2581221	1,259351	0	
27.07.2020 11:57:56,462	0,2592852	1,260485	0	
27.07.2020 11:57:56,718	0,2599101	1,261615	0	
27.07.2020 11:57:56,975	0,2606953	1,26275	0	
27.07.2020 11:57:57,244	0,2607526	1,263967	0	
27.07.2020 11:57:57,514	0,2613773	1,265108	0	
27.07.2020 11:57:57,788	0,2615954	1,26633	0	
27.07.2020 11:57:58,48	0,2615327	1,267463	0	
27.07.2020 11:57:58,304	0,2616607	1,268509	0	
27.07.2020 11:57:58,570	0,2612709	1,269722	0	
27.07.2020 11:57:58,829	0,2635218	1,271049	0	
27.07.2020 11:57:59,85	0,6364372	1,276721	0	
27.07.2020 11:57:59,356	1,213609	1,285183	0	
27.07.2020 11:57:59,611	1,561353	1,293315	0	
27.07.2020 11:57:59,868	1,595121	1,300514	0	
27.07.2020 11:58:00,131	1,297739	1,303517	0	
27.07.2020 11:58:00,394	0,6986068	1,304061	0	
27.07.2020 11:58:00,661	0	1,304061	0	
27.07.2020 11:58:00,928	0	1,304061	0	
27.07.2020 11:58:01,200	0	1,304061	0	
27.07.2020 11:58:01,473	0	1,304061	0	
27.07.2020 11:58:01,734	0	1,304061	0	
27.07.2020 11:58:02,4	0	1,304061	0	
27.07.2020 11:58:02,266	0	1,304061	0	
27.07.2020 11:58:02,528	0	1,304061	0	
27.07.2020 11:58:02,799	0	1,304061	0	
27.07.2020 11:58:03,50	0	1,304061	0	
27.07.2020 11:58:03,305	0	1,304061	0	
27.07.2020 11:58:03,564	0	1,304061	0	
27.07.2020 11:58:03,827	0	1,304061	0	
27.07.2020 11:58:04,91	0	1,304061	0	
27.07.2020 11:58:04,361	0	1,304061	0	
27.07.2020 11:58:04,617	0	1,304061	0	
27.07.2020 11:58:04,886	0	1,304061	0	
27.07.2020 11:58:05,151	0	1,304061	0	
27.07.2020 11:58:05,414	0	1,304061	0	
27.07.2020 11:58:05,676	0,121537	1,305674	0	
27.07.2020 11:58:05,944	0,2138473	1,307126	0	
27.07.2020 11:58:06,211	0,2299957	1,308108	0	
27.07.2020 11:58:06,479	0,2043444	1,30879	0	
27.07.2020 11:58:06,751	0,1559507	1,309295	0	
27.07.2020 11:58:07,15	0,09703756	1,309662	0	
27.07.2020 11:58:07,280	0,07933291	1,310037	0	
27.07.2020 11:58:07,546	0,08261487	1,310431	0	
27.07.2020 11:58:07,805	0,09339233	1,310891	0	
27.07.2020 11:58:08,68	0,1100962	1,311394	0	
27.07.2020 11:58:08,336	0,1232545	1,311931	0	
27.07.2020 11:58:08,588	0,1237551	1,312469	0	
27.07.2020 11:58:08,840	0,12294	1,312954	0	
27.07.2020 11:58:09,93	0,1222591	1,313505	0	
27.07.2020 11:58:09,367	0,4480409	1,318782	0	
27.07.2020 11:58:09,628	1,07131	1,326504	0	
27.07.2020 11:58:09,880	1,536447	1,333849	0	
27.07.2020 11:58:10,146	1,59016	1,34099	0	
27.07.2020 11:58:10,414	1,25439	1,343737	0	
27.07.2020 11:58:10,665	0	1,344212	0	
27.07.2020 11:58:10,919	0	1,344212	0	
27.07.2020 11:58:11,176	0	1,344212	0	
27.07.2020 11:58:11,449	0	1,344212	0	
27.07.2020 11:58:11,700	0	1,344212	0	
27.07.2020 11:58:11,960	0	1,344212	0	
27.07.2020 11:58:12,211	0	1,344212	0	
27.07.2020 11:58:12,472	0	1,344212	0	
27.07.2020 11:58:12,726	0	1,344212	0	
27.07.2020 11:58:12,977	0	1,344212	0	
27.07.2020 11:58:13,229	0	1,344212	0	
27.07.2020 11:58:13,500	0	1,344212	0	
27.07.2020 11:58:13,763	0	1,344212	0	
27.07.2020 11:58:14,17	0	1,344212	0	
27.07.2020 11:58:14,275	0	1,344212	0	
27.07.2020 11:58:14,538	0	1,344212	0	
27.07.2020 11:58:14,795	0	1,344212	0	
27.07.2020 11:58:15,49	0	1,344212	0	
27.07.2020 11:58:15,301	0	1,344212	0	
27.07.2020 11:58:15,554	0	1,344212	0	
27.07.2020 11:58:15,808	0	1,344212	0	
27.07.2020 11:58:16,61	0	1,344212	0	
27.07.2020 11:58:16,326	0	1,344212	0	
27.07.2020 11:58:16,583	0	1,344212	0	
27.07.2020 11:58:16,839	0	1,344212	0	
27.07.2020 11:58:17,105	0	1,344212	0	
27.07.2020 11:58:17,363	0	1,344212	0	
27.07.2020 11:58:17,630	0	1,344212	0	
27.07.2020 11:58:17,885	0	1,344212	0	
27.07.2020 11:58:18,137	0	1,344212	0	
27.07.2020 11:58:18,395	0	1,344212	0	
27.07.2020 11:58:18,666	0	1,344212	0	
27.07.2020 11:58:18,939	0	1,344212	0	
27.07.2020 11:58:19,196	0	1,344212	0	
27.07.2020 11:58:19,457	0	1,344212	0	
27.07.2020 11:58:19,710	0,1847571	1,348642	0	
27.07.2020 11:58:19,973	0,7991528	1,358591	0	
27.07.2020 11:58:20,228	1,309286	1,368443	0	
27.07.2020 11:58:20,499	0,5493026	1,372802	0	
27.07.2020 11:58:20,762	0	1,373232	0	
27.07.2020 11:58:21,33	0	1,373232	0	
27.07.2020 11:58:21,297	0	1,373232	0	
27.07.2020 11:58:21,567	0	1,373232	0	
27.07.2020 11:58:21,828	0	1,373232	0	
27.07.2020 11:58:22,99	0	1,373232	0	
27.07.2020 11:58:22,351	0	1,373232	0	
27.07.2020 11:58:22,607	0	1,373232	0	
27.07.2020 11:58:22,865	0	1,373232	0	
27.07.2020 11:58:23,116	0	1,373232	0	
27.07.2020 11:58:23,368	0	1,373232	0	
27.07.2020 11:58:23,631	0	1,373232	0	
27.07.2020 11:58:23,887	0	1,373232	0	
27.07.2020 11:58:24,138	0	1,373232	0	
27.07.2020 11:58:24,401	0	1,373232	0	
27.07.2020 11:58:24,670	0	1,373232	0	
27.07.2020 11:58:24,925	0	1,373232	0	
27.07.2020 11:58:25,195	0	1,373232	0	
27.07.2020 11:58:25,453	0	1,373232	0	
27.07.2020 11:58:25,722	0	1,373232	0	
27.07.2020 11:58:25,982	0	1,373232	0	
27.07.2020 11:58:26,233	0	1,373232	0	
27.07.2020 11:58:26,492	0	1,373232	0	
27.07.2020 11:58:26,754	0	1,373232	0	
27.07.2020 11:58:27,19	0	1,373232	0	
27.07.2020 11:58:27,276	0	1,373232	0	
27.07.2020 11:58:27,546	0	1,373232	0	
27.07.2020 11:58:27,808	0	1,373232	0	
27.07.2020 11:58:28,77	0	1,373232	0	
27.07.2020 11:58:28,345	0	1,373232	0	
27.07.2020 11:58:28,612	0	1,373232	0	
27.07.2020 11:58:28,878	0	1,373232	0	
27.07.2020 11:58:29,140	0	1,373232	0	
27.07.2020 11:58:29,395	0	1,373232	0	
27.07.2020 11:58:29,669	0	1,373232	0	
27.07.2020 11:58:29,926	0,003566867	1,374356	0	
27.07.2020 11:58:30,188	0,587931	1,384234	0	
27.07.2020 11:58:30,440	1,136804	1,393557	0	
27.07.2020 11:58:30,708	1,241685	1,400725	0	
27.07.2020 11:58:30,979	0,07807475	1,401851	0	
27.07.2020 11:58:31,247	0	1,401851	0	
27.07.2020 11:58:31,511	0	1,401851	0	
27.07.2020 11:58:31,780	0	1,401851	0	
27.07.2020 11:58:32,43	0	1,401851	0	
27.07.2020 11:58:32,297	0	1,401851	0	
27.07.2020 11:58:32,567	0	1,401851	0	
27.07.2020 11:58:32,828	0	1,401851	0	
27.07.2020 11:58:33,84	0	1,401851	0	
27.07.2020 11:58:33,340	0	1,401851	0	
27.07.2020 11:58:33,594	0	1,401851	0	
27.07.2020 11:58:33,847	0	1,401851	0	
27.07.2020 11:58:34,100	0	1,401851	0	
27.07.2020 11:58:34,352	0	1,401851	0	
27.07.2020 11:58:34,605	0	1,401851	0	
27.07.2020 11:58:34,872	0	1,401851	0	
27.07.2020 11:58:35,131	0	1,401851	0	
27.07.2020 11:58:35,399	0	1,401851	0	
27.07.2020 11:58:35,655	0	1,401851	0	
27.07.2020 11:58:35,911	0	1,401851	0	
27.07.2020 11:58:36,166	0	1,401851	0	
27.07.2020 11:58:36,425	0	1,401851	0	
27.07.2020 11:58:36,691	0	1,401851	0	
27.07.2020 11:58:36,953	0	1,401851	0	
27.07.2020 11:58:37,221	0	1,401851	0	
27.07.2020 11:58:37,492	0	1,401851	0	
27.07.2020 11:58:37,748	0	1,401851	0	
27.07.2020 11:58:38,15	0	1,401851	0	
27.07.2020 11:58:38,266	0	1,401851	0	
27.07.2020 11:58:38,533	0	1,401851	0	
27.07.2020 11:58:38,804	0	1,401851	0	
27.07.2020 11:58:39,75	0	1,401851	0	
27.07.2020 11:58:39,327	0	1,401851	0	
27.07.2020 11:58:39,598	0	1,401851	0	
27.07.2020 11:58:39,849	0	1,401851	0	
27.07.2020 11:58:40,119	0	1,401851	0	
27.07.2020 11:58:40,380	0,3001571	1,408173	0	
27.07.2020 11:58:40,631	0,8507586	1,417387	0	
27.07.2020 11:58:40,889	1,351808	1,426939	0	
27.07.2020 11:58:41,139	0,4859267	1,430119	0	
27.07.2020 11:58:41,412	0	1,430537	0	
27.07.2020 11:58:41,678	0	1,430537	0	
27.07.2020 11:58:41,949	0	1,430537	0	
27.07.2020 11:58:42,206	0	1,430537	0	
27.07.2020 11:58:42,462	0	1,430537	0	
27.07.2020 11:58:42,725	0	1,430537	0	
27.07.2020 11:58:42,991	0	1,430537	0	
27.07.2020 11:58:43,261	0	1,430537	0	
27.07.2020 11:58:43,515	0	1,430537	0	
27.07.2020 11:58:43,776	0	1,430537	0	
27.07.2020 11:58:44,28	0	1,430537	0	
27.07.2020 11:58:44,287	0	1,430537	0	
27.07.2020 11:58:44,553	0	1,430537	0	
27.07.2020 11:58:44,819	0	1,430537	0	
27.07.2020 11:58:45,76	0	1,430537	0	
27.07.2020 11:58:45,327	0	1,430537	0	
27.07.2020 11:58:45,591	0	1,430537	0	
27.07.2020 11:58:45,852	0	1,430537	0	
27.07.2020 11:58:46,104	0	1,430537	0	
27.07.2020 11:58:46,375	0	1,430537	0	
27.07.2020 11:58:46,646	0	1,430537	0	
27.07.2020 11:58:46,906	0	1,430537	0	
27.07.2020 11:58:47,173	0	1,430537	0	
27.07.2020 11:58:47,425	0	1,430537	0	
27.07.2020 11:58:47,695	0	1,430537	0	
27.07.2020 11:58:47,956	0	1,430537	0	
27.07.2020 11:58:48,220	0	1,430537	0	
27.07.2020 11:58:48,491	0	1,430537	0	
27.07.2020 11:58:48,754	0	1,430537	0	
27.07.2020 11:58:49,19	0	1,430537	0	
27.07.2020 11:58:49,282	0	1,430537	0	
27.07.2020 11:58:49,553	0	1,430537	0	
27.07.2020 11:58:49,806	0	1,430537	0	
27.07.2020 11:58:50,76	0	1,430537	0	
27.07.2020 11:58:50,331	0	1,430537	0	
27.07.2020 11:58:50,597	0,08355713	1,432795	0	
27.07.2020 11:58:50,860	0,7123338	1,443415	0	
27.07.2020 11:58:51,113	1,207285	1,452618	0	
27.07.2020 11:58:51,373	1,028659	1,458344	0	
27.07.2020 11:58:51,644	0,05450869	1,459352	0	
27.07.2020 11:58:51,916	0	1,459352	0	
27.07.2020 11:58:52,178	0	1,459352	0	
27.07.2020 11:58:52,450	0	1,459352	0	
27.07.2020 11:58:52,708	0	1,459352	0	
27.07.2020 11:58:52,970	0	1,459352	0	
27.07.2020 11:58:53,239	0	1,459352	0	
27.07.2020 11:58:53,490	0	1,459352	0	
27.07.2020 11:58:53,746	0	1,459352	0	
27.07.2020 11:58:54,1	0	1,459352	0	
27.07.2020 11:58:54,269	0	1,459352	0	
27.07.2020 11:58:54,537	0	1,459352	0	
27.07.2020 11:58:54,802	0	1,459352	0	
27.07.2020 11:58:55,76	0	1,459352	0	
27.07.2020 11:58:55,345	0	1,459352	0	
27.07.2020 11:58:55,607	0	1,459352	0	
27.07.2020 11:58:55,878	0	1,459352	0	
27.07.2020 11:58:56,144	0	1,459352	0	
27.07.2020 11:58:56,395	0	1,459352	0	
27.07.2020 11:58:56,666	0	1,459352	0	
27.07.2020 11:58:56,930	0	1,459352	0	
27.07.2020 11:58:57,201	0	1,459352	0	
27.07.2020 11:58:57,467	0	1,459352	0	
27.07.2020 11:58:57,733	0	1,459352	0	
27.07.2020 11:58:58,0	0	1,459352	0	
27.07.2020 11:58:58,266	0	1,459352	0	
27.07.2020 11:58:58,517	0	1,459352	0	
27.07.2020 11:58:58,788	0	1,459352	0	
27.07.2020 11:58:59,51	0	1,459352	0	
27.07.2020 11:58:59,316	0	1,459352	0	
27.07.2020 11:58:59,569	0	1,459352	0	
27.07.2020 11:58:59,822	0	1,459352	0	
27.07.2020 11:59:00,83	0	1,459352	0	
27.07.2020 11:59:00,341	0	1,459352	0	
27.07.2020 11:59:00,610	0	1,459352	0	
27.07.2020 11:59:00,881	0,02908411	1,460699	0	
27.07.2020 11:59:01,142	0,6554207	1,47132	0	
27.07.2020 11:59:01,395	1,203337	1,481344	0	
27.07.2020 11:59:01,667	1,037812	1,487131	0	
27.07.2020 11:59:01,922	0,09635136	1,488154	0	
27.07.2020 11:59:02,173	0	1,488154	0	
27.07.2020 11:59:02,441	0	1,488154	0	
27.07.2020 11:59:02,702	0	1,488154	0	
27.07.2020 11:59:02,961	0	1,488154	0	
27.07.2020 11:59:03,229	0	1,488154	0	
27.07.2020 11:59:03,496	0	1,488154	0	
27.07.2020 11:59:03,747	0	1,488154	0	
27.07.2020 11:59:04,19	0	1,488154	0	
27.07.2020 11:59:04,290	0	1,488154	0	
27.07.2020 11:59:04,544	0	1,488154	0	
27.07.2020 11:59:04,814	0	1,488154	0	
27.07.2020 11:59:05,73	0	1,488154	0	
27.07.2020 11:59:05,326	0	1,488154	0	
27.07.2020 11:59:05,584	0	1,488154	0	
27.07.2020 11:59:05,850	0	1,488154	0	
27.07.2020 11:59:06,116	0	1,488154	0	
27.07.2020 11:59:06,383	0	1,488154	0	
27.07.2020 11:59:06,657	0	1,488154	0	
27.07.2020 11:59:06,923	0	1,488154	0	
27.07.2020 11:59:07,187	0	1,488154	0	
27.07.2020 11:59:07,439	0	1,488154	0	
27.07.2020 11:59:07,692	0	1,488154	0	
27.07.2020 11:59:07,962	0	1,488154	0	
27.07.2020 11:59:08,227	0	1,488154	0	
27.07.2020 11:59:08,491	0	1,488154	0	
27.07.2020 11:59:08,763	0	1,488154	0	
27.07.2020 11:59:09,34	0	1,488154	0	
27.07.2020 11:59:09,296	0	1,488154	0	
27.07.2020 11:59:09,565	0	1,488154	0	
27.07.2020 11:59:09,818	0	1,488154	0	
27.07.2020 11:59:10,91	0	1,488154	0	
27.07.2020 11:59:10,349	0	1,488154	0	
27.07.2020 11:59:10,617	0	1,488154	0	
27.07.2020 11:59:10,870	0	1,488154	0	
27.07.2020 11:59:11,123	0	1,488708	0	
27.07.2020 11:59:11,387	0,5401765	1,497649	0	
27.07.2020 11:59:11,653	1,099229	1,508568	0	
27.07.2020 11:59:11,905	1,371541	1,515759	0	
27.07.2020 11:59:12,157	0,1595821	1,517195	0	
27.07.2020 11:59:12,423	0	1,517209	0	
27.07.2020 11:59:12,687	0	1,517209	0	
27.07.2020 11:59:12,956	0	1,517209	0	
27.07.2020 11:59:13,214	0	1,517209	0	
27.07.2020 11:59:13,483	0	1,517209	0	
27.07.2020 11:59:13,735	0	1,517209	0	
27.07.2020 11:59:13,990	0	1,517209	0	
27.07.2020 11:59:14,251	0	1,517209	0	
27.07.2020 11:59:14,504	0	1,517209	0	
27.07.2020 11:59:14,763	0	1,517209	0	
27.07.2020 11:59:15,36	0	1,517209	0	
27.07.2020 11:59:15,288	0	1,517209	0	
27.07.2020 11:59:15,560	0	1,517209	0	
27.07.2020 11:59:15,814	0	1,517209	0	
27.07.2020 11:59:16,87	0	1,517209	0	
27.07.2020 11:59:16,343	0	1,517209	0	
27.07.2020 11:59:16,609	0	1,517209	0	
27.07.2020 11:59:16,880	0	1,517209	0	
27.07.2020 11:59:17,145	0	1,517209	0	
27.07.2020 11:59:17,409	0	1,517209	0	
27.07.2020 11:59:17,664	0	1,517209	0	
27.07.2020 11:59:17,939	0	1,517209	0	
27.07.2020 11:59:18,206	0	1,517209	0	
27.07.2020 11:59:18,477	0	1,517209	0	
27.07.2020 11:59:18,736	0	1,517209	0	
27.07.2020 11:59:19,2	0	1,517209	0	
27.07.2020 11:59:19,272	0	1,517209	0	
27.07.2020 11:59:19,527	0	1,517209	0	
27.07.2020 11:59:19,796	0	1,517209	0	
27.07.2020 11:59:20,47	0	1,517209	0	
27.07.2020 11:59:20,318	0,05565523	1,518302	0	
27.07.2020 11:59:20,573	0,1658032	1,519497	0	
27.07.2020 11:59:20,840	0,1959972	1,520411	0	
27.07.2020 11:59:21,106	0,1556986	1,521087	0	
27.07.2020 11:59:21,377	0,8936731	1,523033	0	
27.07.2020 11:59:21,647	1,62	1,53104	0	
27.07.2020 11:59:21,918	1,62	1,538989	0	
27.07.2020 11:59:22,182	1,62	1,546747	0	
27.07.2020 11:59:22,455	1,398945	1,55111	0	
27.07.2020 11:59:22,708	0,8474854	1,551993	0	
27.07.2020 11:59:22,975	0	1,552001	0	
27.07.2020 11:59:23,231	0	1,552001	0	
27.07.2020 11:59:23,488	0	1,552001	0	
27.07.2020 11:59:23,745	0	1,552001	0	
27.07.2020 11:59:24,7	0	1,552001	0	
27.07.2020 11:59:24,270	0	1,552001	0	
27.07.2020 11:59:24,524	0	1,552001	0	
27.07.2020 11:59:24,779	0	1,552001	0	
27.07.2020 11:59:25,48	0	1,552001	0	
27.07.2020 11:59:25,314	0	1,552001	0	
27.07.2020 11:59:25,575	0	1,552001	0	
27.07.2020 11:59:25,842	0	1,552001	0	
27.07.2020 11:59:26,93	0	1,552001	0	
27.07.2020 11:59:26,363	0	1,552001	0	
27.07.2020 11:59:26,633	0	1,552121	0	
27.07.2020 11:59:26,902	0,194108	1,554688	0	
27.07.2020 11:59:27,158	0,315615	1,556381	0	
27.07.2020 11:59:27,425	0,3430755	1,558004	0	
27.07.2020 11:59:27,696	0,3184676	1,559187	0	
27.07.2020 11:59:27,949	0,2754144	1,56016	0	
27.07.2020 11:59:28,203	0,2133715	1,561014	0	
27.07.2020 11:59:28,454	0,1909044	1,561775	0	
27.07.2020 11:59:28,723	0,191712	1,562682	0	
27.07.2020 11:59:28,989	0,1946579	1,563559	0	
27.07.2020 11:59:29,242	0,200925	1,564481	0	
27.07.2020 11:59:29,511	0,210561	1,565429	0	
27.07.2020 11:59:29,784	0,2156225	1,566466	0	
27.07.2020 11:59:30,44	0,2179948	1,567429	0	
27.07.2020 11:59:30,308	0,2184539	1,568379	0	
27.07.2020 11:59:30,568	0,21843	1,569325	0	
27.07.2020 11:59:30,830	0,2174372	1,570254	0	
27.07.2020 11:59:31,97	0,2163113	1,571255	0	
27.07.2020 11:59:31,358	0,2157138	1,572112	0	
27.07.2020 11:59:31,621	0,2349286	1,573935	0	
27.07.2020 11:59:31,872	0,6972031	1,580576	0	
27.07.2020 11:59:32,140	1,273228	1,588535	0	
27.07.2020 11:59:32,409	1,588997	1,597337	0	
27.07.2020 11:59:32,672	1,560536	1,603657	0	
27.07.2020 11:59:32,939	1,160114	1,606174	0	
27.07.2020 11:59:33,203	0,5364316	1,606697	0	
27.07.2020 11:59:33,467	0	1,606697	0	
27.07.2020 11:59:33,729	0	1,606697	0	
27.07.2020 11:59:33,989	0	1,606697	0	
27.07.2020 11:59:34,262	0	1,606697	0	
27.07.2020 11:59:34,518	0	1,606697	0	
27.07.2020 11:59:34,778	0	1,606697	0	
27.07.2020 11:59:35,44	0,1784905	1,609266	0	
27.07.2020 11:59:35,316	0,3823101	1,611773	0	
27.07.2020 11:59:35,587	0,4886035	1,614213	0	
27.07.2020 11:59:35,847	0,479775	1,616165	0	
27.07.2020 11:59:36,104	0,4439071	1,617719	0	
27.07.2020 11:59:36,367	0,3885866	1,619358	0	
27.07.2020 11:59:36,620	0,3450341	1,62083	0	
27.07.2020 11:59:36,884	0,343448	1,62231	0	
27.07.2020 11:59:37,139	0,3464115	1,623729	0	
27.07.2020 11:59:37,413	0,3528137	1,625441	0	
27.07.2020 11:59:37,678	0,3606433	1,627198	0	
27.07.2020 11:59:37,932	0,3676779	1,62873	0	
27.07.2020 11:59:38,193	0,3724519	1,630382	0	
27.07.2020 11:59:38,463	0,3758571	1,632163	0	
27.07.2020 11:59:38,728	0,3781082	1,63382	0	
27.07.2020 11:59:38,993	0,3788914	1,635471	0	
27.07.2020 11:59:39,246	0,3803735	1,637137	0	
27.07.2020 11:59:39,499	0,3811929	1,638664	0	
27.07.2020 11:59:39,758	0,382013	1,640326	0	
27.07.2020 11:59:40,14	0,3830775	1,641993	0	
27.07.2020 11:59:40,271	0,3833148	1,643656	0	
27.07.2020 11:59:40,536	0,3846133	1,645337	0	
27.07.2020 11:59:40,792	0,385269	1,647013	0	
27.07.2020 11:59:41,60	0,3855245	1,648814	0	
27.07.2020 11:59:41,314	0,3865114	1,650367	0	
27.07.2020 11:59:41,567	0,386813	1,651917	0	
27.07.2020 11:59:41,831	0,3875687	1,653785	0	
27.07.2020 11:59:42,82	0,6603591	1,659615	0	
27.07.2020 11:59:42,350	1,15719	1,6676	0	
27.07.2020 11:59:42,608	1,538198	1,67583	0	
27.07.2020 11:59:42,863	1,60122	1,684278	0	
27.07.2020 11:59:43,114	1,563609	1,689933	0	
27.07.2020 11:59:43,374	1,201603	1,692475	0	
27.07.2020 11:59:43,627	0,6131225	1,693194	0	
27.07.2020 11:59:43,893	0	1,693268	0	
27.07.2020 11:59:44,162	0	1,693268	0	
27.07.2020 11:59:44,422	0	1,693268	0	
27.07.2020 11:59:44,678	0	1,693268	0	
27.07.2020 11:59:44,944	0,05989371	1,694641	0	
27.07.2020 11:59:45,195	0,2628	1,696914	0	
27.07.2020 11:59:45,446	0,4211453	1,69907	0	
27.07.2020 11:59:45,719	0,4688704	1,701296	0	
27.07.2020 11:59:45,980	0,4496372	1,703207	0	
27.07.2020 11:59:46,238	0,4111941	1,704686	0	
27.07.2020 11:59:46,499	0,3692936	1,706225	0	
27.07.2020 11:59:46,761	0,3750272	1,708087	0	
27.07.2020 11:59:47,24	0,4131469	1,710138	0	
27.07.2020 11:59:47,294	0,4921674	1,712477	0	
27.07.2020 11:59:47,556	0,5911111	1,715208	0	
27.07.2020 11:59:47,830	0,5940228	1,717813	0	
27.07.2020 11:59:48,94	0,5976344	1,720434	0	
27.07.2020 11:59:48,362	0,5987124	1,72323	0	
27.07.2020 11:59:48,624	0,5963784	1,725595	0	
27.07.2020 11:59:48,882	0,5931748	1,728327	0	
27.07.2020 11:59:49,134	0,5890198	1,730645	0	
27.07.2020 11:59:49,403	0,5860713	1,733163	0	
27.07.2020 11:59:49,663	0,5852678	1,735694	0	
27.07.2020 11:59:49,924	0,5852029	1,73843	0	
27.07.2020 11:59:50,192	0,5864775	1,740985	0	
27.07.2020 11:59:50,456	0,5878878	1,743543	0	
27.07.2020 11:59:50,714	0,5895434	1,746113	0	
27.07.2020 11:59:50,983	0,5916433	1,748893	0	
27.07.2020 11:59:51,248	0,5926984	1,751473	0	
27.07.2020 11:59:51,500	0,5942796	1,753865	0	
27.07.2020 11:59:51,752	0,5951429	1,756451	0	
27.07.2020 11:59:52,17	0,5967432	1,75905	0	
27.07.2020 11:59:52,283	0,6692896	1,763646	0	
27.07.2020 11:59:52,547	1,083225	1,771582	0	
27.07.2020 11:59:52,808	1,432856	1,779808	0	
27.07.2020 11:59:53,61	1,60026	1,787623	0	
27.07.2020 11:59:53,332	1,606935	1,797003	0	
27.07.2020 11:59:53,604	1,571391	1,803828	0	
27.07.2020 11:59:53,859	1,218534	1,806723	0	
27.07.2020 11:59:54,124	0,6810766	1,808078	0	
27.07.2020 11:59:54,398	0,1709699	1,808818	0	
27.07.2020 11:59:54,658	0,1880031	1,809761	0	
27.07.2020 11:59:54,916	0,2511725	1,811272	0	
27.07.2020 11:59:55,189	0,3850919	1,813506	0	
27.07.2020 11:59:55,447	0,5812029	1,815986	0	
27.07.2020 11:59:55,702	0,6001748	1,818661	0	
27.07.2020 11:59:55,969	0,6096595	1,82139	0	
27.07.2020 11:59:56,227	0,6168033	1,824116	0	
27.07.2020 11:59:56,486	0,6178352	1,826791	0	
27.07.2020 11:59:56,738	0,6151642	1,829428	0	
27.07.2020 11:59:56,997	0,6117886	1,832049	0	
27.07.2020 11:59:57,258	0,6093664	1,834472	0	
27.07.2020 11:59:57,513	0,6100614	1,837128	0	
27.07.2020 11:59:57,772	0,6117072	1,839794	0	
27.07.2020 11:59:58,41	0,6153718	1,842492	0	
27.07.2020 11:59:58,295	0,6190658	1,845209	0	
27.07.2020 11:59:58,551	0,6249882	1,848005	0	
27.07.2020 11:59:58,804	0,6591873	1,851189	0	
27.07.2020 11:59:59,59	0,7473484	1,854543	0	
27.07.2020 11:59:59,310	0,8845527	1,858539	0	
27.07.2020 11:59:59,569	0,970951	1,862779	0	
27.07.2020 11:59:59,829	0,9795167	1,867104	0	
27.07.2020 12:00:00,94	0,9862713	1,871431	0	
27.07.2020 12:00:00,365	0,9873272	1,876039	0	
27.07.2020 12:00:00,623	0,9838131	1,880266	0	
27.07.2020 12:00:00,881	0,9791372	1,88446	0	
27.07.2020 12:00:01,148	0,9739994	1,888637	0	
27.07.2020 12:00:01,419	0,9710209	1,893146	0	
27.07.2020 12:00:01,679	0,970522	1,897026	0	
27.07.2020 12:00:01,929	0,9704779	1,901237	0	
27.07.2020 12:00:02,181	0,9722878	1,905143	0	
27.07.2020 12:00:02,441	0,9747157	1,909793	0	
27.07.2020 12:00:02,693	1,137725	1,916365	0	
27.07.2020 12:00:02,951	1,371904	1,924313	0	
27.07.2020 12:00:03,218	1,56346	1,932508	0	
27.07.2020 12:00:03,480	1,591352	1,941631	0	
27.07.2020 12:00:03,734	1,600428	1,949687	0	
27.07.2020 12:00:03,989	1,607046	1,95866	0	
27.07.2020 12:00:04,243	1,611427	1,967945	0	
27.07.2020 12:00:04,508	1,584663	1,9748	0	
27.07.2020 12:00:04,767	1,282012	1,977893	0	
27.07.2020 12:00:05,38	0,8296242	1,9804	0	
27.07.2020 12:00:05,301	0,5513766	1,982878	0	
27.07.2020 12:00:05,562	0,5918081	1,985477	0	
27.07.2020 12:00:05,834	0,6775002	1,989189	0	
27.07.2020 12:00:06,98	0,850022	1,993494	0	
27.07.2020 12:00:06,370	0,9922994	1,997795	0	
27.07.2020 12:00:06,635	1,000628	2,002219	0	
27.07.2020 12:00:06,890	1,009934	2,00667	0	
27.07.2020 12:00:07,157	1,01304	2,011076	0	
27.07.2020 12:00:07,408	1,012076	2,015446	0	
27.07.2020 12:00:07,674	1,00877	2,019784	0	
27.07.2020 12:00:07,937	1,004772	2,024112	0	
27.07.2020 12:00:08,207	1,004658	2,028802	0	
27.07.2020 12:00:08,458	1,005814	2,033173	0	
27.07.2020 12:00:08,728	1,008354	2,03723	0	
27.07.2020 12:00:08,995	1,012222	2,041988	0	
27.07.2020 12:00:09,259	1,01541	2,046764	0	
27.07.2020 12:00:09,520	1,019491	2,050874	0	
27.07.2020 12:00:09,777	1,022238	2,055326	0	
27.07.2020 12:00:10,48	1,025377	2,060141	0	
27.07.2020 12:00:10,321	1,028386	2,064623	0	
27.07.2020 12:00:10,582	1,029983	2,069447	0	
27.07.2020 12:00:10,836	1,032114	2,073941	0	
27.07.2020 12:00:11,99	1,033556	2,078431	0	
27.07.2020 12:00:11,353	1,034664	2,082579	0	
27.07.2020 12:00:11,628	1,036276	2,08743	0	
27.07.2020 12:00:11,880	1,037427	2,091933	0	
27.07.2020 12:00:12,142	1,038754	2,096802	0	
27.07.2020 12:00:12,398	1,039995	2,10062	0	
27.07.2020 12:00:12,668	1,040707	2,105485	0	
27.07.2020 12:00:12,937	1,154092	2,111748	0	
27.07.2020 12:00:13,205	1,369841	2,120046	0	
27.07.2020 12:00:13,459	1,544617	2,128054	0	
27.07.2020 12:00:13,712	1,589041	2,135673	0	
27.07.2020 12:00:13,982	1,60015	2,144818	0	
27.07.2020 12:00:14,234	1,606439	2,152914	0	
27.07.2020 12:00:14,488	1,611025	2,161919	0	
27.07.2020 12:00:14,752	1,61406	2,171092	0	
27.07.2020 12:00:15,10	1,52945	2,176674	0	
27.07.2020 12:00:15,276	1,175355	2,180021	0	
27.07.2020 12:00:15,530	0,8203366	2,182351	0	
27.07.2020 12:00:15,798	0,6508372	2,18506	0	
27.07.2020 12:00:16,52	0,6787999	2,188329	0	
27.07.2020 12:00:16,304	0,7708946	2,192183	0	
27.07.2020 12:00:16,561	0,9121798	2,196056	0	
27.07.2020 12:00:16,820	0,9595469	2,200221	0	
27.07.2020 12:00:17,91	0,9417915	2,204406	0	
27.07.2020 12:00:17,345	0,8967148	2,207994	0	
27.07.2020 12:00:17,600	0,8279193	2,211128	0	
27.07.2020 12:00:17,868	0,7839249	2,214688	0	
27.07.2020 12:00:18,129	0,7769088	2,218004	0	
27.07.2020 12:00:18,387	0,7759112	2,221369	0	
27.07.2020 12:00:18,659	0,7798873	2,22479	0	
27.07.2020 12:00:18,927	0,7878317	2,228543	0	
27.07.2020 12:00:19,179	0,7955701	2,231789	0	
27.07.2020 12:00:19,447	0,8026314	2,235603	0	
27.07.2020 12:00:19,704	0,8082881	2,239156	0	
27.07.2020 12:00:19,959	0,8123337	2,242713	0	
27.07.2020 12:00:20,212	0,8153949	2,246001	0	
27.07.2020 12:00:20,480	0,8172674	2,249556	0	
27.07.2020 12:00:20,751	0,8190983	2,253395	0	
27.07.2020 12:00:21,21	0,820334	2,25696	0	
27.07.2020 12:00:21,283	0,8213594	2,260807	0	
27.07.2020 12:00:21,538	0,8238059	2,264397	0	
27.07.2020 12:00:21,810	0,8251303	2,267983	0	
27.07.2020 12:00:22,60	0,8259283	2,271292	0	
27.07.2020 12:00:22,325	0,8262744	2,275151	0	
27.07.2020 12:00:22,589	0,8257485	2,278728	0	
27.07.2020 12:00:22,844	0,8262684	2,282313	0	
27.07.2020 12:00:23,98	0,8321476	2,285844	0	
27.07.2020 12:00:23,360	1,103679	2,293672	0	
27.07.2020 12:00:23,629	1,385332	2,301576	0	
27.07.2020 12:00:23,900	1,595371	2,310335	0	
27.07.2020 12:00:24,152	1,603173	2,318079	0	
27.07.2020 12:00:24,413	1,608864	2,326692	0	
27.07.2020 12:00:24,674	1,61263	2,335488	0	
27.07.2020 12:00:24,935	1,511376	2,341359	0	
27.07.2020 12:00:25,201	1,136749	2,3438	0	
27.07.2020 12:00:25,459	0,6505138	2,345494	0	
27.07.2020 12:00:25,725	0,375384	2,347206	0	
27.07.2020 12:00:25,996	0,4099935	2,349248	0	
27.07.2020 12:00:26,251	0,4960271	2,351887	0	
27.07.2020 12:00:26,505	0,6646107	2,355	0	
27.07.2020 12:00:26,757	0,7841851	2,358412	0	
27.07.2020 12:00:27,8	0,7934757	2,361683	0	
27.07.2020 12:00:27,277	0,8039702	2,365249	0	
27.07.2020 12:00:27,551	0,8092497	2,369064	0	
27.07.2020 12:00:27,801	0,809188	2,372296	0	
27.07.2020 12:00:28,67	0,8069054	2,376037	0	
27.07.2020 12:00:28,325	0,8043976	2,379501	0	
27.07.2020 12:00:28,579	0,8025581	2,382968	0	
27.07.2020 12:00:28,830	0,8030284	2,386188	0	
27.07.2020 12:00:29,87	0,8043295	2,389688	0	
27.07.2020 12:00:29,352	0,8067962	2,393206	0	
27.07.2020 12:00:29,624	0,8091915	2,397002	0	
27.07.2020 12:00:29,883	0,8111768	2,400262	0	
27.07.2020 12:00:30,142	0,8133614	2,404083	0	
27.07.2020 12:00:30,409	0,8149775	2,40762	0	
27.07.2020 12:00:30,672	0,8048788	2,410958	0	
27.07.2020 12:00:30,922	0,7588558	2,41366	0	
27.07.2020 12:00:31,174	0,6693817	2,416171	0	
27.07.2020 12:00:31,427	0,5212096	2,418396	0	
27.07.2020 12:00:31,684	0,4876792	2,420477	0	
27.07.2020 12:00:31,949	0,4830889	2,42254	0	
27.07.2020 12:00:32,216	0,4853449	2,424671	0	
27.07.2020 12:00:32,486	0,4927194	2,426878	0	
27.07.2020 12:00:32,746	0,5044371	2,429343	0	
27.07.2020 12:00:32,998	0,5193774	2,431495	0	
27.07.2020 12:00:33,255	0,5258752	2,434019	0	
27.07.2020 12:00:33,528	0,6404232	2,438597	0	
27.07.2020 12:00:33,787	1,094038	2,446281	0	
27.07.2020 12:00:34,46	1,461507	2,454207	0	
27.07.2020 12:00:34,314	1,599508	2,462381	0	
27.07.2020 12:00:34,571	1,606437	2,47076	0	
27.07.2020 12:00:34,839	1,543381	2,477235	0	
27.07.2020 12:00:35,102	1,173216	2,47963	0	
27.07.2020 12:00:35,369	0,6208867	2,480782	0	
27.07.2020 12:00:35,621	0,1188207	2,481299	0	
27.07.2020 12:00:35,871	0,125141	2,481877	0	
27.07.2020 12:00:36,137	0,1801788	2,483027	0	
27.07.2020 12:00:36,406	0,307604	2,484883	0	
27.07.2020 12:00:36,656	0,5008373	2,487002	0	
27.07.2020 12:00:36,911	0,5219166	2,489141	0	
27.07.2020 12:00:37,179	0,5312805	2,491518	0	
27.07.2020 12:00:37,438	0,5367233	2,494067	0	
27.07.2020 12:00:37,712	0,536994	2,496387	0	
27.07.2020 12:00:37,974	0,533008	2,498656	0	
27.07.2020 12:00:38,225	0,528343	2,500904	0	
27.07.2020 12:00:38,489	0,5250191	2,503151	0	
27.07.2020 12:00:38,750	0,5238118	2,505414	0	
27.07.2020 12:00:39,6	0,5245098	2,507696	0	
27.07.2020 12:00:39,277	0,5259293	2,510168	0	
27.07.2020 12:00:39,535	0,5287272	2,512308	0	
27.07.2020 12:00:39,788	0,5303679	2,514618	0	
27.07.2020 12:00:40,54	0,5313584	2,516931	0	
27.07.2020 12:00:40,305	0,5329928	2,519253	0	
27.07.2020 12:00:40,558	0,5332648	2,521388	0	
27.07.2020 12:00:40,822	0,5345187	2,523718	0	
27.07.2020 12:00:41,86	0,5356171	2,526227	0	
27.07.2020 12:00:41,338	0,5361694	2,528556	0	
27.07.2020 12:00:41,601	0,5369872	2,530708	0	
27.07.2020 12:00:41,860	0,53648	2,533027	0	
27.07.2020 12:00:42,126	0,5368097	2,535537	0	
27.07.2020 12:00:42,388	0,5372615	2,537869	0	
27.07.2020 12:00:42,641	0,5373513	2,54002	0	
27.07.2020 12:00:42,895	0,5376778	2,542351	0	
27.07.2020 12:00:43,167	0,5373387	2,544854	0	
27.07.2020 12:00:43,435	0,5373462	2,547184	0	
27.07.2020 12:00:43,689	0,538936	2,549674	0	
27.07.2020 12:00:43,952	0,8480303	2,556443	0	
27.07.2020 12:00:44,220	1,284394	2,564348	0	
27.07.2020 12:00:44,479	1,575971	2,572463	0	
27.07.2020 12:00:44,736	1,603589	2,581443	0	
27.07.2020 12:00:45,3	1,60689	2,588565	0	
27.07.2020 12:00:45,258	1,345666	2,592214	0	
27.07.2020 12:00:45,528	0,8448867	2,593859	0	
27.07.2020 12:00:45,793	0,2645729	2,594471	0	
27.07.2020 12:00:46,56	0,119456	2,594986	0	
27.07.2020 12:00:46,307	0,1484782	2,595932	0	
27.07.2020 12:00:46,575	0,256903	2,59747	0	
27.07.2020 12:00:46,836	0,4348086	2,599466	0	
27.07.2020 12:00:47,104	0,5130279	2,601894	0	
27.07.2020 12:00:47,365	0,5226214	2,604247	0	
27.07.2020 12:00:47,616	0,5298528	2,606416	0	
27.07.2020 12:00:47,884	0,5306968	2,608892	0	
27.07.2020 12:00:48,143	0,5277047	2,611148	0	
27.07.2020 12:00:48,397	0,522909	2,613198	0	
27.07.2020 12:00:48,648	0,5154799	2,615341	0	
27.07.2020 12:00:48,910	0,4947175	2,61731	0	
27.07.2020 12:00:49,162	0,451611	2,619089	0	
27.07.2020 12:00:49,416	0,3925244	2,620752	0	
27.07.2020 12:00:49,688	0,3826434	2,622374	0	
27.07.2020 12:00:49,941	0,3799561	2,624007	0	
27.07.2020 12:00:50,203	0,3816862	2,625686	0	
27.07.2020 12:00:50,457	0,3856918	2,627262	0	
27.07.2020 12:00:50,710	0,3903068	2,629	0	
27.07.2020 12:00:50,982	0,3961011	2,630899	0	
27.07.2020 12:00:51,237	0,3994799	2,632662	0	
27.07.2020 12:00:51,492	0,4028677	2,634302	0	
27.07.2020 12:00:51,752	0,4050838	2,636077	0	
27.07.2020 12:00:52,8	0,406632	2,637855	0	
27.07.2020 12:00:52,275	0,4092229	2,639646	0	
27.07.2020 12:00:52,544	0,4097717	2,641559	0	
27.07.2020 12:00:52,802	0,4096515	2,643337	0	
27.07.2020 12:00:53,55	0,4096018	2,645111	0	
27.07.2020 12:00:53,315	0,4094381	2,646749	0	
27.07.2020 12:00:53,576	0,4104163	2,648534	0	
27.07.2020 12:00:53,848	0,4102096	2,650445	0	
27.07.2020 12:00:54,110	0,4746573	2,653907	0	
27.07.2020 12:00:54,372	0,9629363	2,662231	0	
27.07.2020 12:00:54,623	1,390918	2,669614	0	
27.07.2020 12:00:54,879	1,598175	2,677825	0	
27.07.2020 12:00:55,144	1,605555	2,685163	0	
27.07.2020 12:00:55,415	1,357102	2,689373	0	
27.07.2020 12:00:55,673	0,8805144	2,690832	0	
27.07.2020 12:00:55,934	0,2372601	2,691076	0	
27.07.2020 12:00:56,190	0	2,691076	0	
27.07.2020 12:00:56,446	0	2,691076	0	
27.07.2020 12:00:56,709	0	2,691076	0	
27.07.2020 12:00:56,973	0,002450156	2,691625	0	
27.07.2020 12:00:57,246	0,2494081	2,694518	0	
27.07.2020 12:00:57,518	0,4286439	2,696915	0	
27.07.2020 12:00:57,775	0,4826972	2,699058	0	
27.07.2020 12:00:58,44	0,4639091	2,701029	0	
27.07.2020 12:00:58,312	0,4229072	2,702652	0	
27.07.2020 12:00:58,564	0,3705801	2,70419	0	
27.07.2020 12:00:58,829	0,3575436	2,705729	0	
27.07.2020 12:00:59,81	0,3594789	2,707316	0	
27.07.2020 12:00:59,335	0,3649742	2,708823	0	
27.07.2020 12:00:59,603	0,3723368	2,710633	0	
27.07.2020 12:00:59,868	0,381491	2,71235	0	
27.07.2020 12:01:00,126	0,3873647	2,713947	0	
27.07.2020 12:01:00,392	0,3925811	2,715963	0	
27.07.2020 12:01:00,644	0,3955776	2,717567	0	
27.07.2020 12:01:00,914	0,3971106	2,719299	0	
27.07.2020 12:01:01,176	0,3987772	2,72104	0	
27.07.2020 12:01:01,447	0,3995716	2,722913	0	
27.07.2020 12:01:01,715	0,4012367	2,724668	0	
27.07.2020 12:01:01,981	0,4018444	2,726549	0	
27.07.2020 12:01:02,242	0,4025841	2,728299	0	
27.07.2020 12:01:02,496	0,4030552	2,729912	0	
27.07.2020 12:01:02,747	0,4021187	2,731643	0	
27.07.2020 12:01:02,999	0,4023754	2,733259	0	
27.07.2020 12:01:03,253	0,4024985	2,735004	0	
27.07.2020 12:01:03,505	0,4013964	2,736726	0	
27.07.2020 12:01:03,772	0,3912346	2,738302	0	
27.07.2020 12:01:04,24	0,3586091	2,739652	0	
27.07.2020 12:01:04,292	0,3061231	2,740967	0	
27.07.2020 12:01:04,543	1,62	2,747089	0	
27.07.2020 12:01:04,811	1,62	2,7551	0	
27.07.2020 12:01:05,83	1,62	2,763999	0	
27.07.2020 12:01:05,342	1,62	2,771351	0	
27.07.2020 12:01:05,611	1,37906	2,775289	0	
27.07.2020 12:01:05,874	0,8324359	2,776329	0	
27.07.2020 12:01:06,136	0	2,776359	0	
27.07.2020 12:01:06,387	0	2,776359	0	
27.07.2020 12:01:06,637	0	2,776359	0	
27.07.2020 12:01:06,900	0	2,776359	0	
27.07.2020 12:01:07,152	0	2,776359	0	
27.07.2020 12:01:07,408	0	2,776359	0	
27.07.2020 12:01:07,658	0	2,776359	0	
27.07.2020 12:01:07,927	0	2,776359	0	
27.07.2020 12:01:08,197	0,1604744	2,778481	0	
27.07.2020 12:01:08,467	0,3079822	2,780653	0	
27.07.2020 12:01:08,727	0,3711679	2,782344	0	
27.07.2020 12:01:08,982	0,3520919	2,7836	0	
27.07.2020 12:01:09,251	0,3110174	2,784811	0	
27.07.2020 12:01:09,517	0,2507834	2,785881	0	
27.07.2020 12:01:09,770	0,2238581	2,786778	0	
27.07.2020 12:01:10,38	0,2267595	2,787788	0	
27.07.2020 12:01:10,311	0,2324925	2,788927	0	
27.07.2020 12:01:10,570	0,2432694	2,790041	0	
27.07.2020 12:01:10,826	0,2557807	2,791182	0	
27.07.2020 12:01:11,85	0,2588464	2,792333	0	
27.07.2020 12:01:11,359	0,2619528	2,79349	0	
27.07.2020 12:01:11,623	0,262973	2,794636	0	
27.07.2020 12:01:11,885	0,2635086	2,795871	0	
27.07.2020 12:01:12,141	0,2634624	2,797011	0	
27.07.2020 12:01:12,412	0,2626578	2,798141	0	
27.07.2020 12:01:12,664	0,256675	2,799169	0	
27.07.2020 12:01:12,925	0,229336	2,799968	0	
27.07.2020 12:01:13,185	0,1737722	2,800555	0	
27.07.2020 12:01:13,456	0,08979041	2,800984	0	
27.07.2020 12:01:13,716	0,08335504	2,80136	0	
27.07.2020 12:01:13,979	0,08227489	2,801686	0	
27.07.2020 12:01:14,233	0,08392179	2,80207	0	
27.07.2020 12:01:14,486	0,09050513	2,802511	0	
27.07.2020 12:01:14,752	0,345483	2,80539	0	
27.07.2020 12:01:15,8	1,601532	2,812391	0	
27.07.2020 12:01:15,268	1,618319	2,820932	0	
27.07.2020 12:01:15,524	1,618888	2,828702	0	
27.07.2020 12:01:15,790	1,417825	2,83262	0	
27.07.2020 12:01:16,58	0,8362921	2,833771	0	
27.07.2020 12:01:16,331	0	2,833786	0	
27.07.2020 12:01:16,591	0	2,833786	0	
27.07.2020 12:01:16,843	0	2,833786	0	
27.07.2020 12:01:17,108	0	2,833786	0	
27.07.2020 12:01:17,380	0	2,833786	0	
27.07.2020 12:01:17,631	0	2,833786	0	
27.07.2020 12:01:17,903	0	2,833786	0	
27.07.2020 12:01:18,165	0	2,833786	0	
27.07.2020 12:01:18,437	0	2,833786	0	
27.07.2020 12:01:18,696	0	2,833786	0	
27.07.2020 12:01:18,957	0	2,833786	0	
27.07.2020 12:01:19,216	0	2,833786	0	
27.07.2020 12:01:19,483	0	2,833786	0	
27.07.2020 12:01:19,745	0	2,833786	0	
27.07.2020 12:01:20,12	0	2,833786	0	
27.07.2020 12:01:20,285	0	2,833786	0	
27.07.2020 12:01:20,542	0	2,833786	0	
27.07.2020 12:01:20,807	0	2,833786	0	
27.07.2020 12:01:21,71	0,134755	2,83567	0	
27.07.2020 12:01:21,328	0,2186711	2,836965	0	
27.07.2020 12:01:21,598	0,2201374	2,837899	0	
27.07.2020 12:01:21,864	0,1387688	2,838588	0	
27.07.2020 12:01:22,133	0,1054051	2,839024	0	
27.07.2020 12:01:22,393	0,09649037	2,83938	0	
27.07.2020 12:01:22,667	0,08749368	2,839766	0	
27.07.2020 12:01:22,919	0,08884393	2,840178	0	
27.07.2020 12:01:23,183	0,09699734	2,840617	0	
27.07.2020 12:01:23,436	0,1103882	2,84113	0	
27.07.2020 12:01:23,697	0,111868	2,84163	0	
27.07.2020 12:01:23,959	0,1002592	2,841945	0	
27.07.2020 12:01:24,230	0,07339058	2,842186	0	
27.07.2020 12:01:24,480	0,03306194	2,842329	0	
27.07.2020 12:01:24,731	0,001569311	2,842372	0	
27.07.2020 12:01:24,983	0,02309515	2,843304	0	
27.07.2020 12:01:25,249	0,6145329	2,850266	0	
27.07.2020 12:01:25,502	1,239402	2,858077	0	
27.07.2020 12:01:25,757	1,617144	2,865889	0	
27.07.2020 12:01:26,11	1,476163	2,869943	0	
27.07.2020 12:01:26,269	0,985557	2,871414	0	
27.07.2020 12:01:26,541	0	2,871464	0	
27.07.2020 12:01:26,794	0	2,871464	0	
27.07.2020 12:01:27,66	0	2,871464	0	
27.07.2020 12:01:27,330	0	2,871464	0	
27.07.2020 12:01:27,596	0	2,871464	0	
27.07.2020 12:01:27,854	0	2,871464	0	
27.07.2020 12:01:28,126	0	2,871464	0	
27.07.2020 12:01:28,395	0	2,871464	0	
27.07.2020 12:01:28,647	0	2,871464	0	
27.07.2020 12:01:28,904	0	2,871464	0	
27.07.2020 12:01:29,175	0	2,871464	0	
27.07.2020 12:01:29,436	0	2,871464	0	
27.07.2020 12:01:29,696	0	2,871464	0	
27.07.2020 12:01:29,963	0	2,871464	0	
27.07.2020 12:01:30,224	0	2,871464	0	
27.07.2020 12:01:30,495	0	2,871464	0	
27.07.2020 12:01:30,750	0	2,871464	0	
27.07.2020 12:01:31,7	0	2,871464	0	
27.07.2020 12:01:31,260	0	2,871464	0	
27.07.2020 12:01:31,520	0	2,871464	0	
27.07.2020 12:01:31,788	0	2,871464	0	
27.07.2020 12:01:32,50	0	2,871464	0	
27.07.2020 12:01:32,301	0	2,871464	0	
27.07.2020 12:01:32,572	0	2,871464	0	
27.07.2020 12:01:32,826	0	2,871464	0	
27.07.2020 12:01:33,88	0	2,871464	0	
27.07.2020 12:01:33,355	0	2,871464	0	
27.07.2020 12:01:33,611	0	2,871464	0	
27.07.2020 12:01:33,876	0	2,871464	0	
27.07.2020 12:01:34,127	0	2,871464	0	
27.07.2020 12:01:34,397	0	2,871464	0	
27.07.2020 12:01:34,666	0	2,871464	0	
27.07.2020 12:01:34,933	0	2,871464	0	
27.07.2020 12:01:35,200	0	2,871464	0	
27.07.2020 12:01:35,466	0,1385725	2,875342	0	
27.07.2020 12:01:35,727	0,7588997	2,885554	0	
27.07.2020 12:01:35,994	1,279381	2,895611	0	
27.07.2020 12:01:36,255	0,5568768	2,899559	0	
27.07.2020 12:01:36,511	0	2,899921	0	
27.07.2020 12:01:36,772	0	2,899921	0	
27.07.2020 12:01:37,35	0	2,899921	0	
27.07.2020 12:01:37,286	0	2,899921	0	
27.07.2020 12:01:37,538	0	2,899921	0	
27.07.2020 12:01:37,804	0	2,899921	0	
27.07.2020 12:01:38,63	0	2,899921	0	
27.07.2020 12:01:38,317	0	2,899921	0	
27.07.2020 12:01:38,589	0	2,899921	0	
27.07.2020 12:01:38,859	0	2,899921	0	
27.07.2020 12:01:39,121	0	2,899921	0	
27.07.2020 12:01:39,385	0	2,899921	0	
27.07.2020 12:01:39,658	0	2,899921	0	
27.07.2020 12:01:39,914	0	2,899921	0	
27.07.2020 12:01:40,165	0	2,899921	0	
27.07.2020 12:01:40,431	0	2,899921	0	
27.07.2020 12:01:40,702	0	2,899921	0	
27.07.2020 12:01:40,962	0	2,899921	0	
27.07.2020 12:01:41,216	0	2,899921	0	
27.07.2020 12:01:41,484	0	2,899921	0	
27.07.2020 12:01:41,751	0	2,899921	0	
27.07.2020 12:01:42,21	0	2,899921	0	
27.07.2020 12:01:42,287	0	2,899921	0	
27.07.2020 12:01:42,552	0	2,899921	0	
27.07.2020 12:01:42,806	0	2,899921	0	
27.07.2020 12:01:43,77	0	2,899921	0	
27.07.2020 12:01:43,347	0	2,899921	0	
27.07.2020 12:01:43,620	0	2,899921	0	
27.07.2020 12:01:43,891	0	2,899921	0	
27.07.2020 12:01:44,162	0	2,899921	0	
27.07.2020 12:01:44,421	0	2,899921	0	
27.07.2020 12:01:44,674	0	2,899921	0	
27.07.2020 12:01:44,939	0	2,899921	0	
27.07.2020 12:01:45,191	0	2,899921	0	
27.07.2020 12:01:45,447	0	2,899921	0	
27.07.2020 12:01:45,719	0,01572611	2,901566	0	
27.07.2020 12:01:45,975	0,6260717	2,910775	0	
27.07.2020 12:01:46,233	1,133509	2,920912	0	
27.07.2020 12:01:46,496	1,036881	2,927427	0	
27.07.2020 12:01:46,754	0,1067152	2,928561	0	
27.07.2020 12:01:47,12	0	2,928561	0	
27.07.2020 12:01:47,264	0	2,928561	0	
27.07.2020 12:01:47,525	0	2,928561	0	
27.07.2020 12:01:47,791	0	2,928561	0	
27.07.2020 12:01:48,48	0	2,928561	0	
27.07.2020 12:01:48,301	0	2,928561	0	
27.07.2020 12:01:48,552	0	2,928561	0	
27.07.2020 12:01:48,821	0	2,928561	0	
27.07.2020 12:01:49,81	0	2,928561	0	
27.07.2020 12:01:49,348	0	2,928561	0	
27.07.2020 12:01:49,621	0	2,928561	0	
27.07.2020 12:01:49,888	0	2,928561	0	
27.07.2020 12:01:50,147	0	2,928561	0	
27.07.2020 12:01:50,409	0	2,928561	0	
27.07.2020 12:01:50,669	0	2,928561	0	
27.07.2020 12:01:50,932	0	2,928561	0	
27.07.2020 12:01:51,201	0	2,928561	0	
27.07.2020 12:01:51,471	0	2,928561	0	
27.07.2020 12:01:51,745	0	2,928561	0	
27.07.2020 12:01:52,10	0	2,928561	0	
27.07.2020 12:01:52,271	0	2,928561	0	
27.07.2020 12:01:52,522	0	2,928561	0	
27.07.2020 12:01:52,780	0	2,928561	0	
27.07.2020 12:01:53,41	0	2,928561	0	
27.07.2020 12:01:53,307	0	2,928561	0	
27.07.2020 12:01:53,568	0	2,928561	0	
27.07.2020 12:01:53,835	0	2,928561	0	
27.07.2020 12:01:54,97	0	2,928561	0	
27.07.2020 12:01:54,364	0	2,928561	0	
27.07.2020 12:01:54,617	0	2,928561	0	
27.07.2020 12:01:54,879	0	2,928561	0	
27.07.2020 12:01:55,136	0	2,928561	0	
27.07.2020 12:01:55,392	0	2,928561	0	
27.07.2020 12:01:55,652	0	2,928561	0	
27.07.2020 12:01:55,908	0	2,928561	0	
27.07.2020 12:01:56,176	0,3578623	2,93579	0	
27.07.2020 12:01:56,435	0,9423231	2,945028	0	
27.07.2020 12:01:56,705	1,415789	2,954675	0	
27.07.2020 12:01:56,959	0,3637432	2,957107	0	
27.07.2020 12:01:57,230	0	2,957268	0	
27.07.2020 12:01:57,494	0	2,957268	0	
27.07.2020 12:01:57,746	0	2,957268	0	
27.07.2020 12:01:57,999	0	2,957268	0	
27.07.2020 12:01:58,265	0	2,957268	0	
27.07.2020 12:01:58,530	0	2,957268	0	
27.07.2020 12:01:58,804	0	2,957268	0	
27.07.2020 12:01:59,63	0	2,957268	0	
27.07.2020 12:01:59,314	0	2,957268	0	
27.07.2020 12:01:59,584	0	2,957268	0	
27.07.2020 12:01:59,851	0	2,957268	0	
27.07.2020 12:02:00,121	0	2,957268	0	
27.07.2020 12:02:00,373	0	2,957268	0	
27.07.2020 12:02:00,630	0	2,957268	0	
27.07.2020 12:02:00,898	0	2,957268	0	
27.07.2020 12:02:01,161	0	2,957268	0	
27.07.2020 12:02:01,426	0	2,957268	0	
27.07.2020 12:02:01,693	0	2,957268	0	
27.07.2020 12:02:01,957	0	2,957268	0	
27.07.2020 12:02:02,208	0	2,957268	0	
27.07.2020 12:02:02,469	0	2,957268	0	
27.07.2020 12:02:02,739	0	2,957268	0	
27.07.2020 12:02:03,4	0	2,957268	0	
27.07.2020 12:02:03,272	0	2,957268	0	
27.07.2020 12:02:03,535	0	2,957268	0	
27.07.2020 12:02:03,791	0	2,957268	0	
27.07.2020 12:02:04,48	0	2,957268	0	
27.07.2020 12:02:04,312	0	2,957268	0	
27.07.2020 12:02:04,571	0	2,957268	0	
27.07.2020 12:02:04,843	0	2,957268	0	
27.07.2020 12:02:05,103	0	2,957268	0	
27.07.2020 12:02:05,357	0	2,957268	0	
27.07.2020 12:02:05,608	0	2,957268	0	
27.07.2020 12:02:05,867	0	2,957268	0	
27.07.2020 12:02:06,130	0	2,957268	0	
27.07.2020 12:02:06,386	0,08542469	2,960283	0	
27.07.2020 12:02:06,640	0,713437	2,969384	0	
27.07.2020 12:02:06,896	1,245261	2,979314	0	
27.07.2020 12:02:07,154	1,03174	2,985033	0	
27.07.2020 12:02:07,428	0,06781304	2,986067	0	
27.07.2020 12:02:07,689	0	2,986067	0	
27.07.2020 12:02:07,958	0	2,986067	0	
27.07.2020 12:02:08,218	0	2,986067	0	
27.07.2020 12:02:08,470	0	2,986067	0	
27.07.2020 12:02:08,722	0	2,986067	0	
27.07.2020 12:02:08,977	0	2,986067	0	
27.07.2020 12:02:09,244	0	2,986067	0	
27.07.2020 12:02:09,507	0	2,986067	0	
27.07.2020 12:02:09,771	0	2,986067	0	
27.07.2020 12:02:10,36	0	2,986067	0	
27.07.2020 12:02:10,291	0	2,986067	0	
27.07.2020 12:02:10,560	0	2,986067	0	
27.07.2020 12:02:10,830	0	2,986067	0	
27.07.2020 12:02:11,93	0	2,986067	0	
27.07.2020 12:02:11,365	0	2,986067	0	
27.07.2020 12:02:11,623	0	2,986067	0	
27.07.2020 12:02:11,875	0	2,986067	0	
27.07.2020 12:02:12,138	0	2,986067	0	
27.07.2020 12:02:12,410	0	2,986067	0	
27.07.2020 12:02:12,674	0	2,986067	0	
27.07.2020 12:02:12,935	0	2,986067	0	
27.07.2020 12:02:13,189	0	2,986067	0	
27.07.2020 12:02:13,456	0	2,986067	0	
27.07.2020 12:02:13,714	0	2,986067	0	
27.07.2020 12:02:13,985	0	2,986067	0	
27.07.2020 12:02:14,243	0	2,986067	0	
27.07.2020 12:02:14,511	0	2,986067	0	
27.07.2020 12:02:14,779	0	2,986067	0	
27.07.2020 12:02:15,37	0	2,986067	0	
27.07.2020 12:02:15,298	0	2,986067	0	
27.07.2020 12:02:15,563	0	2,986067	0	
27.07.2020 12:02:15,816	0	2,986067	0	
27.07.2020 12:02:16,67	0	2,986067	0	
27.07.2020 12:02:16,331	0	2,986067	0	
27.07.2020 12:02:16,603	0	2,986477	0	
27.07.2020 12:02:16,873	0,5265836	2,995847	0	
27.07.2020 12:02:17,127	1,092674	3,005796	0	
27.07.2020 12:02:17,399	1,350679	3,013491	0	
27.07.2020 12:02:17,655	0,1740364	3,014923	0	
27.07.2020 12:02:17,910	0	3,014953	0	
27.07.2020 12:02:18,167	0	3,014953	0	
27.07.2020 12:02:18,436	0	3,014953	0	
27.07.2020 12:02:18,706	0	3,014953	0	
27.07.2020 12:02:18,980	0	3,014953	0	
27.07.2020 12:02:19,231	0	3,014953	0	
27.07.2020 12:02:19,484	0	3,014953	0	
27.07.2020 12:02:19,737	0	3,014953	0	
27.07.2020 12:02:20,9	0	3,014953	0	
27.07.2020 12:02:20,274	0	3,014953	0	
27.07.2020 12:02:20,542	0	3,014953	0	
27.07.2020 12:02:20,803	0	3,014953	0	
27.07.2020 12:02:21,59	0	3,014953	0	
27.07.2020 12:02:21,318	0	3,014953	0	
27.07.2020 12:02:21,581	0	3,014953	0	
27.07.2020 12:02:21,836	0	3,014953	0	
27.07.2020 12:02:22,108	0	3,014953	0	
27.07.2020 12:02:22,364	0	3,014953	0	
27.07.2020 12:02:22,627	0	3,014953	0	
27.07.2020 12:02:22,896	0	3,014953	0	
27.07.2020 12:02:23,168	0	3,014953	0	
27.07.2020 12:02:23,431	0	3,014953	0	
27.07.2020 12:02:23,684	0	3,014953	0	
27.07.2020 12:02:23,935	0	3,014953	0	
27.07.2020 12:02:24,198	0	3,014953	0	
27.07.2020 12:02:24,468	0	3,014953	0	
27.07.2020 12:02:24,719	0	3,014953	0	
27.07.2020 12:02:24,971	0	3,014953	0	
27.07.2020 12:02:25,227	0	3,014953	0	
27.07.2020 12:02:25,490	0	3,014953	0	
27.07.2020 12:02:25,755	0	3,014953	0	
27.07.2020 12:02:26,16	0	3,014953	0	
27.07.2020 12:02:26,289	0	3,014953	0	
27.07.2020 12:02:26,552	0	3,014953	0	
27.07.2020 12:02:26,803	0	3,014953	0	
27.07.2020 12:02:27,69	0,3500549	3,021997	0	
27.07.2020 12:02:27,334	0,9381311	3,031973	0	
27.07.2020 12:02:27,597	1,44021	3,041663	0	
27.07.2020 12:02:27,848	0,4350885	3,044107	0	
27.07.2020 12:02:28,113	0	3,044346	0	
27.07.2020 12:02:28,366	0	3,044346	0	
27.07.2020 12:02:28,628	0	3,044346	0	
27.07.2020 12:02:28,898	0	3,044346	0	
27.07.2020 12:02:29,158	0	3,044346	0	
27.07.2020 12:02:29,421	0	3,044346	0	
27.07.2020 12:02:29,676	0	3,044346	0	
27.07.2020 12:02:29,932	0	3,044346	0	
27.07.2020 12:02:30,197	0	3,044346	0	
27.07.2020 12:02:30,464	0	3,044346	0	
27.07.2020 12:02:30,725	0	3,044346	0	
27.07.2020 12:02:30,978	0	3,044346	0	
27.07.2020 12:02:31,235	0	3,044346	0	
27.07.2020 12:02:31,487	0	3,044346	0	
27.07.2020 12:02:31,759	0	3,044346	0	
27.07.2020 12:02:32,19	0	3,044346	0	
27.07.2020 12:02:32,273	0	3,044346	0	
27.07.2020 12:02:32,539	0	3,044346	0	
27.07.2020 12:02:32,806	0	3,044346	0	
27.07.2020 12:02:33,69	0	3,044346	0	
27.07.2020 12:02:33,335	0	3,044346	0	
27.07.2020 12:02:33,597	0	3,044346	0	
27.07.2020 12:02:33,862	0	3,044346	0	
27.07.2020 12:02:34,118	0	3,044346	0	
27.07.2020 12:02:34,383	0	3,044346	0	
27.07.2020 12:02:34,653	0	3,044346	0	
27.07.2020 12:02:34,925	0	3,044346	0	
27.07.2020 12:02:35,184	0,1205627	3,046005	0	
27.07.2020 12:02:35,436	0,1919528	3,047051	0	
27.07.2020 12:02:35,704	0,1902764	3,047909	0	
27.07.2020 12:02:35,957	0,1163657	3,048404	0	
27.07.2020 12:02:36,210	0,09015924	3,048775	0	
27.07.2020 12:02:36,479	0,08086975	3,049091	0	
27.07.2020 12:02:36,730	0,07261426	3,049358	0	
27.07.2020 12:02:36,983	0,07202079	3,049667	0	
27.07.2020 12:02:37,245	0,3555892	3,054184	0	
27.07.2020 12:02:37,501	1,045324	3,061821	0	
27.07.2020 12:02:37,765	1,572879	3,069711	0	
27.07.2020 12:02:38,32	1,61729	3,077051	0	
27.07.2020 12:02:38,301	1,339213	3,080849	0	
27.07.2020 12:02:38,552	0,8333091	3,081897	0	
27.07.2020 12:02:38,802	0	3,081983	0	
27.07.2020 12:02:39,74	0	3,081983	0	
27.07.2020 12:02:39,340	0	3,081983	0	
27.07.2020 12:02:39,592	0	3,081983	0	
27.07.2020 12:02:39,854	0	3,081983	0	
27.07.2020 12:02:40,126	0	3,081983	0	
27.07.2020 12:02:40,398	0	3,081983	0	
27.07.2020 12:02:40,665	0	3,081983	0	
27.07.2020 12:02:40,933	0	3,081997	0	
27.07.2020 12:02:41,185	0,1570098	3,084179	0	
27.07.2020 12:02:41,439	0,279056	3,085784	0	
27.07.2020 12:02:41,699	0,3192905	3,087331	0	
27.07.2020 12:02:41,953	0,2551987	3,088376	0	
27.07.2020 12:02:42,224	0,2268361	3,089376	0	
27.07.2020 12:02:42,479	0,211283	3,090191	0	
27.07.2020 12:02:42,733	0,1951327	3,090927	0	
27.07.2020 12:02:42,993	0,1920094	3,091753	0	
27.07.2020 12:02:43,247	0,1941972	3,092621	0	
27.07.2020 12:02:43,501	0,2003402	3,093546	0	
27.07.2020 12:02:43,755	0,2098911	3,094504	0	
27.07.2020 12:02:44,26	0,2168678	3,095398	0	
27.07.2020 12:02:44,291	0,2194615	3,096445	0	
27.07.2020 12:02:44,558	0,2203261	3,097474	0	
27.07.2020 12:02:44,809	0,2202808	3,098358	0	
27.07.2020 12:02:45,61	0,2203328	3,099239	0	
27.07.2020 12:02:45,331	0,2199932	3,100266	0	
27.07.2020 12:02:45,597	0,2203558	3,101224	0	
27.07.2020 12:02:45,862	0,220237	3,102176	0	
27.07.2020 12:02:46,114	0,2202554	3,10313	0	
27.07.2020 12:02:46,382	0,2209123	3,104168	0	
27.07.2020 12:02:46,653	0,2257937	3,105222	0	
27.07.2020 12:02:46,905	0,2536837	3,106525	0	
27.07.2020 12:02:47,170	0,3142506	3,108066	0	
27.07.2020 12:02:47,445	1,063337	3,111522	0	
27.07.2020 12:02:47,717	1,62	3,119828	0	
27.07.2020 12:02:47,979	1,62	3,127234	0	
27.07.2020 12:02:48,238	1,62	3,135502	0	
27.07.2020 12:02:48,500	1,606268	3,143158	0	
27.07.2020 12:02:48,762	1,298941	3,146255	0	
27.07.2020 12:02:49,26	0,7482871	3,147336	0	
27.07.2020 12:02:49,291	0	3,147518	0	
27.07.2020 12:02:49,555	0	3,147518	0	
27.07.2020 12:02:49,812	0	3,147518	0	
27.07.2020 12:02:50,84	0	3,147518	0	
27.07.2020 12:02:50,346	0,04378479	3,148725	0	
27.07.2020 12:02:50,610	0,2684782	3,151181	0	
27.07.2020 12:02:50,874	0,4226792	3,153469	0	
27.07.2020 12:02:51,144	0,467747	3,155515	0	
27.07.2020 12:02:51,400	0,4476292	3,157279	0	
27.07.2020 12:02:51,671	0,4072374	3,158979	0	
27.07.2020 12:02:51,941	0,3557951	3,160484	0	
27.07.2020 12:02:52,210	0,3490602	3,162109	0	
27.07.2020 12:02:52,470	0,3518292	3,16367	0	
27.07.2020 12:02:52,721	0,3574068	3,165272	0	
27.07.2020 12:02:52,977	0,3646937	3,166791	0	
27.07.2020 12:02:53,249	0,374211	3,168603	0	
27.07.2020 12:02:53,514	0,3796873	3,170296	0	
27.07.2020 12:02:53,767	0,3844592	3,171873	0	
27.07.2020 12:02:54,32	0,3877967	3,173713	0	
27.07.2020 12:02:54,296	0,3901327	3,175554	0	
27.07.2020 12:02:54,554	0,3922013	3,177137	0	
27.07.2020 12:02:54,815	0,3930433	3,178849	0	
27.07.2020 12:02:55,75	0,3944248	3,180571	0	
27.07.2020 12:02:55,332	0,3955435	3,18243	0	
27.07.2020 12:02:55,583	0,3965689	3,183893	0	
27.07.2020 12:02:55,834	0,3980244	3,185632	0	
27.07.2020 12:02:56,101	0,3988112	3,187496	0	
27.07.2020 12:02:56,364	0,3996649	3,18924	0	
27.07.2020 12:02:56,632	0,40074	3,190985	0	
27.07.2020 12:02:56,904	0,4012799	3,192864	0	
27.07.2020 12:02:57,175	0,4024768	3,194616	0	
27.07.2020 12:02:57,427	0,4031582	3,196369	0	
27.07.2020 12:02:57,694	0,4142514	3,198697	0	
27.07.2020 12:02:57,957	0,8806388	3,206059	0	
27.07.2020 12:02:58,225	1,327537	3,21475	0	
27.07.2020 12:02:58,492	1,593852	3,223088	0	
27.07.2020 12:02:58,747	1,604369	3,230807	0	
27.07.2020 12:02:59,15	1,41072	3,235589	0	
27.07.2020 12:02:59,281	0,9180347	3,23725	0	
27.07.2020 12:02:59,554	0,2824185	3,237603	0	
27.07.2020 12:02:59,821	0,04041545	3,23778	0	
27.07.2020 12:03:00,83	0,2219948	3,238492	0	
27.07.2020 12:03:00,356	0,4008823	3,240131	0	
27.07.2020 12:03:00,613	0,4368424	3,242396	0	
27.07.2020 12:03:00,871	0,5136671	3,245011	0	
27.07.2020 12:03:01,129	0,6040636	3,247756	0	
27.07.2020 12:03:01,389	0,6263756	3,250473	0	
27.07.2020 12:03:01,660	0,6208872	3,253307	0	
27.07.2020 12:03:01,911	0,6123466	3,255668	0	
27.07.2020 12:03:02,171	0,6009874	3,258169	0	
27.07.2020 12:03:02,429	0,5920732	3,260661	0	
27.07.2020 12:03:02,695	0,5865864	3,263357	0	
27.07.2020 12:03:02,949	0,5858434	3,265701	0	
27.07.2020 12:03:03,201	0,5881374	3,268073	0	
27.07.2020 12:03:03,452	0,5903023	3,27065	0	
27.07.2020 12:03:03,705	0,5929072	3,273248	0	
27.07.2020 12:03:03,974	0,5957732	3,275856	0	
27.07.2020 12:03:04,225	0,5973564	3,278261	0	
27.07.2020 12:03:04,480	0,600274	3,280888	0	
27.07.2020 12:03:04,752	0,6018925	3,283909	0	
27.07.2020 12:03:05,13	0,6037026	3,286342	0	
27.07.2020 12:03:05,277	0,605868	3,288986	0	
27.07.2020 12:03:05,542	0,6070434	3,291835	0	
27.07.2020 12:03:05,807	0,6094978	3,294501	0	
27.07.2020 12:03:06,72	0,6117045	3,297169	0	
27.07.2020 12:03:06,331	0,6134108	3,299842	0	
27.07.2020 12:03:06,582	0,6152813	3,302523	0	
27.07.2020 12:03:06,840	0,6163501	3,305	0	
27.07.2020 12:03:07,117	0,6185184	3,308118	0	
27.07.2020 12:03:07,383	0,6201438	3,310817	0	
27.07.2020 12:03:07,642	0,6217082	3,313316	0	
27.07.2020 12:03:07,908	0,6234287	3,316294	0	
27.07.2020 12:03:08,177	0,8905665	3,322682	0	
27.07.2020 12:03:08,439	1,268213	3,330639	0	
27.07.2020 12:03:08,704	1,557821	3,339467	0	
27.07.2020 12:03:08,977	1,604689	3,347899	0	
27.07.2020 12:03:09,247	1,609867	3,357193	0	
27.07.2020 12:03:09,508	1,504512	3,362327	0	
27.07.2020 12:03:09,762	1,107267	3,364511	0	
27.07.2020 12:03:10,29	0,5606184	3,36574	0	
27.07.2020 12:03:10,296	0,2036894	3,36667	0	
27.07.2020 12:03:10,564	0,228502	3,367791	0	
27.07.2020 12:03:10,834	0,3111161	3,369711	0	
27.07.2020 12:03:11,94	0,494688	3,372216	0	
27.07.2020 12:03:11,359	0,6023402	3,374647	0	
27.07.2020 12:03:11,618	0,6251147	3,377808	0	
27.07.2020 12:03:11,881	0,696571	3,381215	0	
27.07.2020 12:03:12,149	0,8349967	3,385027	0	
27.07.2020 12:03:12,411	0,9421787	3,389139	0	
27.07.2020 12:03:12,669	0,9539164	3,393389	0	
27.07.2020 12:03:12,939	0,9665015	3,397676	0	
27.07.2020 12:03:13,193	0,9729309	3,401942	0	
27.07.2020 12:03:13,464	0,9737519	3,406486	0	
27.07.2020 12:03:13,724	0,9720107	3,410357	0	
27.07.2020 12:03:13,986	0,9690112	3,41485	0	
27.07.2020 12:03:14,238	0,9666219	3,419021	0	
27.07.2020 12:03:14,492	0,9663394	3,422884	0	
27.07.2020 12:03:14,750	0,9666337	3,42708	0	
27.07.2020 12:03:15,19	0,9686328	3,431295	0	
27.07.2020 12:03:15,281	0,9712096	3,435854	0	
27.07.2020 12:03:15,555	0,9740511	3,4401	0	
27.07.2020 12:03:15,823	0,9776703	3,444692	0	
27.07.2020 12:03:16,91	0,9792757	3,448953	0	
27.07.2020 12:03:16,344	0,9822734	3,452908	0	
27.07.2020 12:03:16,613	0,9850233	3,457532	0	
27.07.2020 12:03:16,876	0,9873742	3,462164	0	
27.07.2020 12:03:17,129	0,989963	3,466149	0	
27.07.2020 12:03:17,381	0,9924586	3,470137	0	
27.07.2020 12:03:17,644	0,9953372	3,47481	0	
27.07.2020 12:03:17,908	0,9978226	3,479156	0	
27.07.2020 12:03:18,165	0,999686	3,483172	0	
27.07.2020 12:03:18,418	1,123681	3,489448	0	
27.07.2020 12:03:18,682	1,353512	3,497868	0	
27.07.2020 12:03:18,951	1,539697	3,505958	0	
27.07.2020 12:03:19,222	1,590955	3,514979	0	
27.07.2020 12:03:19,475	1,600777	3,523595	0	
27.07.2020 12:03:19,730	1,606867	3,531801	0	
27.07.2020 12:03:20,2	1,61158	3,541697	0	
27.07.2020 12:03:20,270	1,614427	3,549875	0	
27.07.2020 12:03:20,541	1,361565	3,553732	0	
27.07.2020 12:03:20,802	0,9665098	3,556468	0	
27.07.2020 12:03:21,65	0,6214666	3,558846	0	
27.07.2020 12:03:21,329	0,6190645	3,56167	0	
27.07.2020 12:03:21,599	0,6907109	3,565414	0	
27.07.2020 12:03:21,856	0,8301119	3,569442	0	
27.07.2020 12:03:22,129	1,010543	3,573788	0	
27.07.2020 12:03:22,386	1,02205	3,578294	0	
27.07.2020 12:03:22,659	1,030239	3,58282	0	
27.07.2020 12:03:22,915	1,03242	3,587308	0	
27.07.2020 12:03:23,167	1,031095	3,591752	0	
27.07.2020 12:03:23,433	1,026669	3,59616	0	
27.07.2020 12:03:23,698	1,022903	3,600564	0	
27.07.2020 12:03:23,949	1,021276	3,604976	0	
27.07.2020 12:03:24,204	1,020862	3,609404	0	
27.07.2020 12:03:24,474	1,023188	3,614204	0	
27.07.2020 12:03:24,738	1,025945	3,61833	0	
27.07.2020 12:03:24,993	1,029013	3,622822	0	
27.07.2020 12:03:25,259	1,03284	3,627675	0	
27.07.2020 12:03:25,530	1,034952	3,632179	0	
27.07.2020 12:03:25,783	1,037209	3,636695	0	
27.07.2020 12:03:26,53	1,038441	3,641548	0	
27.07.2020 12:03:26,312	1,039147	3,645712	0	
27.07.2020 12:03:26,577	1,040576	3,650233	0	
27.07.2020 12:03:26,844	1,041052	3,655099	0	
27.07.2020 12:03:27,111	1,042491	3,659635	0	
27.07.2020 12:03:27,381	1,043995	3,664513	0	
27.07.2020 12:03:27,633	1,044422	3,669048	0	
27.07.2020 12:03:27,893	1,045738	3,673236	0	
27.07.2020 12:03:28,145	1,04618	3,677774	0	
27.07.2020 12:03:28,413	1,046981	3,682322	0	
27.07.2020 12:03:28,684	1,125303	3,688189	0	
27.07.2020 12:03:28,955	1,357994	3,696535	0	
27.07.2020 12:03:29,219	1,535076	3,705222	0	
27.07.2020 12:03:29,473	1,588497	3,712903	0	
27.07.2020 12:03:29,738	1,599802	3,721454	0	
27.07.2020 12:03:30,1	1,606632	3,730931	0	
27.07.2020 12:03:30,255	1,611153	3,739978	0	
27.07.2020 12:03:30,509	1,602979	3,746617	0	
27.07.2020 12:03:30,780	1,275208	3,749989	0	
27.07.2020 12:03:31,31	0,8426947	3,751601	0	
27.07.2020 12:03:31,289	0,4096721	3,75305	0	
27.07.2020 12:03:31,562	0,3891452	3,755025	0	
27.07.2020 12:03:31,829	0,4590192	3,757514	0	
27.07.2020 12:03:32,101	0,6201447	3,760555	0	
27.07.2020 12:03:32,352	0,7963187	3,763964	0	
27.07.2020 12:03:32,605	0,8075686	3,767548	0	
27.07.2020 12:03:32,867	0,8166085	3,771166	0	
27.07.2020 12:03:33,130	0,8216652	3,774764	0	
27.07.2020 12:03:33,383	0,820787	3,7783	0	
27.07.2020 12:03:33,644	0,8169398	3,7818	0	
27.07.2020 12:03:33,905	0,8128443	3,785285	0	
27.07.2020 12:03:34,173	0,8098513	3,788774	0	
27.07.2020 12:03:34,443	0,8097103	3,79256	0	
27.07.2020 12:03:34,714	0,8114759	3,796088	0	
27.07.2020 12:03:34,973	0,8133377	3,799633	0	
27.07.2020 12:03:35,242	0,8159029	3,803461	0	
27.07.2020 12:03:35,492	0,8170639	3,806739	0	
27.07.2020 12:03:35,746	0,8191052	3,810313	0	
27.07.2020 12:03:36,14	0,8205055	3,813878	0	
27.07.2020 12:03:36,285	0,8211921	3,817442	0	
27.07.2020 12:03:36,548	0,8222513	3,821286	0	
27.07.2020 12:03:36,810	0,8227788	3,824853	0	
27.07.2020 12:03:37,74	0,8232778	3,828429	0	
27.07.2020 12:03:37,345	0,8237234	3,832278	0	
27.07.2020 12:03:37,620	0,8240623	3,836127	0	
27.07.2020 12:03:37,871	0,824968	3,839434	0	
27.07.2020 12:03:38,123	0,825207	3,842735	0	
27.07.2020 12:03:38,395	0,8260363	3,846599	0	
27.07.2020 12:03:38,658	0,8261002	3,850179	0	
27.07.2020 12:03:38,929	0,8490678	3,85494	0	
27.07.2020 12:03:39,201	1,178539	3,863249	0	
27.07.2020 12:03:39,453	1,427912	3,870646	0	
27.07.2020 12:03:39,722	1,597107	3,879539	0	
27.07.2020 12:03:39,981	1,604848	3,888039	0	
27.07.2020 12:03:40,248	1,609972	3,896772	0	
27.07.2020 12:03:40,518	1,61357	3,905171	0	
27.07.2020 12:03:40,776	1,399319	3,909498	0	
27.07.2020 12:03:41,48	0,960267	3,911632	0	
27.07.2020 12:03:41,304	0,4773924	3,913168	0	
27.07.2020 12:03:41,564	0,379279	3,914881	0	
27.07.2020 12:03:41,837	0,4344162	3,917143	0	
27.07.2020 12:03:42,93	0,5486761	3,919976	0	
27.07.2020 12:03:42,363	0,7645118	3,923502	0	
27.07.2020 12:03:42,629	0,7891079	3,927002	0	
27.07.2020 12:03:42,898	0,8010209	3,930573	0	
27.07.2020 12:03:43,157	0,8093169	3,934418	0	
27.07.2020 12:03:43,426	0,8109273	3,937927	0	
27.07.2020 12:03:43,685	0,7960436	3,941176	0	
27.07.2020 12:03:43,957	0,7320077	3,944155	0	
27.07.2020 12:03:44,212	0,62515	3,94632	0	
27.07.2020 12:03:44,463	0,4839734	3,948281	0	
27.07.2020 12:03:44,726	0,4761223	3,950453	0	
27.07.2020 12:03:44,997	0,4735231	3,952492	0	
27.07.2020 12:03:45,249	0,4772822	3,954609	0	
27.07.2020 12:03:45,515	0,4873921	3,956812	0	
27.07.2020 12:03:45,774	0,5036354	3,959273	0	
27.07.2020 12:03:46,26	0,5179294	3,961233	0	
27.07.2020 12:03:46,285	0,5244183	3,963742	0	
27.07.2020 12:03:46,553	0,5297758	3,966081	0	
27.07.2020 12:03:46,821	0,5328603	3,968411	0	
27.07.2020 12:03:47,85	0,5348107	3,970928	0	
27.07.2020 12:03:47,339	0,5362866	3,973265	0	
27.07.2020 12:03:47,608	0,5374535	3,975606	0	
27.07.2020 12:03:47,875	0,5394154	3,977957	0	
27.07.2020 12:03:48,144	0,5403743	3,980486	0	
27.07.2020 12:03:48,416	0,5417358	3,982848	0	
27.07.2020 12:03:48,671	0,5425482	3,985209	0	
27.07.2020 12:03:48,925	0,5433081	3,987569	0	
27.07.2020 12:03:49,184	0,5499798	3,990294	0	
27.07.2020 12:03:49,446	0,9033899	3,997414	0	
27.07.2020 12:03:49,714	1,338591	4,005277	0	
27.07.2020 12:03:49,983	1,59141	4,014002	0	
27.07.2020 12:03:50,253	1,604374	4,022317	0	
27.07.2020 12:03:50,526	1,598463	4,030066	0	
27.07.2020 12:03:50,788	1,302323	4,033273	0	
27.07.2020 12:03:51,42	0,7822761	4,034631	0	
27.07.2020 12:03:51,312	0,1834135	4,03524	0	
27.07.2020 12:03:51,575	0,1252683	4,035817	0	
27.07.2020 12:03:51,827	0,1615119	4,036864	0	
27.07.2020 12:03:52,81	0,2688804	4,038479	0	
27.07.2020 12:03:52,344	0,4626518	4,040519	0	
27.07.2020 12:03:52,613	0,5159646	4,042811	0	
27.07.2020 12:03:52,881	0,5266299	4,045368	0	
27.07.2020 12:03:53,143	0,5340362	4,04774	0	
27.07.2020 12:03:53,394	0,5350252	4,049878	0	
27.07.2020 12:03:53,647	0,5327452	4,052159	0	
27.07.2020 12:03:53,917	0,5289093	4,05459	0	
27.07.2020 12:03:54,187	0,5252061	4,056663	0	
27.07.2020 12:03:54,456	0,5237821	4,0591	0	
27.07.2020 12:03:54,723	0,5236664	4,061543	0	
27.07.2020 12:03:54,981	0,5251465	4,063658	0	
27.07.2020 12:03:55,244	0,5277658	4,066147	0	
27.07.2020 12:03:55,502	0,5297812	4,068461	0	
27.07.2020 12:03:55,758	0,5321041	4,070788	0	
27.07.2020 12:03:56,29	0,5330175	4,073103	0	
27.07.2020 12:03:56,295	0,5334877	4,075598	0	
27.07.2020 12:03:56,551	0,5346943	4,077748	0	
27.07.2020 12:03:56,806	0,5357984	4,080079	0	
27.07.2020 12:03:57,61	0,536788	4,082236	0	
27.07.2020 12:03:57,316	0,5368439	4,084562	0	
27.07.2020 12:03:57,579	0,536302	4,087061	0	
27.07.2020 12:03:57,850	0,5362347	4,089381	0	
27.07.2020 12:03:58,116	0,5356971	4,091873	0	
27.07.2020 12:03:58,387	0,5359979	4,094204	0	
27.07.2020 12:03:58,639	0,5365188	4,096354	0	
27.07.2020 12:03:58,906	0,5362575	4,098857	0	
27.07.2020 12:03:59,161	0,5372175	4,101192	0	
27.07.2020 12:03:59,424	0,5375553	4,103367	0	
27.07.2020 12:03:59,682	0,7809988	4,109662	0	
27.07.2020 12:03:59,942	1,203192	4,117464	0	
27.07.2020 12:04:00,203	1,534489	4,124858	0	
27.07.2020 12:04:00,460	1,602051	4,133107	0	
27.07.2020 12:04:00,727	1,608121	4,141882	0	
27.07.2020 12:04:00,989	1,436109	4,146097	0	
27.07.2020 12:04:01,254	0,9827627	4,147943	0	
27.07.2020 12:04:01,513	0,4033205	4,148676	0	
27.07.2020 12:04:01,783	0,07810162	4,149049	0	
27.07.2020 12:04:02,53	0,0838582	4,149526	0	
27.07.2020 12:04:02,320	0,1364341	4,150464	0	
27.07.2020 12:04:02,585	0,2615237	4,151773	0	
27.07.2020 12:04:02,854	0,3676502	4,153352	0	
27.07.2020 12:04:03,119	0,3775473	4,155211	0	
27.07.2020 12:04:03,390	0,3904059	4,156965	0	
27.07.2020 12:04:03,652	0,3952072	4,158716	0	
27.07.2020 12:04:03,921	0,3971036	4,160446	0	
27.07.2020 12:04:04,187	0,3957875	4,162282	0	
27.07.2020 12:04:04,449	0,3949906	4,163988	0	
27.07.2020 12:04:04,706	0,3944419	4,165693	0	
27.07.2020 12:04:04,975	0,3948291	4,167408	0	
27.07.2020 12:04:05,244	0,3965756	4,169273	0	
27.07.2020 12:04:05,516	0,3980046	4,171014	0	
27.07.2020 12:04:05,775	0,4010742	4,172781	0	
27.07.2020 12:04:06,42	0,4034631	4,174686	0	
27.07.2020 12:04:06,307	0,405405	4,176322	0	
27.07.2020 12:04:06,577	0,4064623	4,178226	0	
27.07.2020 12:04:06,848	0,4068199	4,18013	0	
27.07.2020 12:04:07,101	0,4074781	4,181767	0	
27.07.2020 12:04:07,352	0,4082426	4,18368	0	
27.07.2020 12:04:07,609	0,4088573	4,18532	0	
27.07.2020 12:04:07,878	0,40984	4,187237	0	
27.07.2020 12:04:08,129	0,4095335	4,188871	0	
27.07.2020 12:04:08,380	0,4096601	4,190514	0	
27.07.2020 12:04:08,648	0,409408	4,19242	0	
27.07.2020 12:04:08,911	0,4086883	4,19419	0	
27.07.2020 12:04:09,175	0,4091885	4,195965	0	
27.07.2020 12:04:09,448	0,4083815	4,19786	0	
27.07.2020 12:04:09,699	0,4079216	4,199643	0	
27.07.2020 12:04:09,969	0,6199647	4,204868	0	
27.07.2020 12:04:10,219	1,105554	4,212594	0	
27.07.2020 12:04:10,474	1,497495	4,220567	0	
27.07.2020 12:04:10,727	1,600201	4,228116	0	
27.07.2020 12:04:10,996	1,586539	4,235183	0	
27.07.2020 12:04:11,257	1,27516	4,238516	0	
27.07.2020 12:04:11,511	0,77136	4,23949	0	
27.07.2020 12:04:11,766	0	4,239707	0	
27.07.2020 12:04:12,29	0	4,239707	0	
27.07.2020 12:04:12,297	0	4,239707	0	
27.07.2020 12:04:12,559	0	4,239707	0	
27.07.2020 12:04:12,834	0,04959951	4,240983	0	
27.07.2020 12:04:13,105	0,292815	4,243703	0	
27.07.2020 12:04:13,367	0,4485747	4,246395	0	
27.07.2020 12:04:13,632	0,4792287	4,248114	0	
27.07.2020 12:04:13,899	0,4540073	4,249889	0	
27.07.2020 12:04:14,167	0,4078205	4,251595	0	
27.07.2020 12:04:14,418	0,3562981	4,252986	0	
27.07.2020 12:04:14,685	0,3529762	4,254637	0	
27.07.2020 12:04:14,956	0,3562557	4,256213	0	
27.07.2020 12:04:15,227	0,3634004	4,257979	0	
27.07.2020 12:04:15,490	0,3746465	4,259668	0	
27.07.2020 12:04:15,747	0,381278	4,261379	0	
27.07.2020 12:04:16,6	0,3867261	4,263103	0	
27.07.2020 12:04:16,276	0,3904663	4,264822	0	
27.07.2020 12:04:16,543	0,391497	4,266642	0	
27.07.2020 12:04:16,795	0,3806097	4,26806	0	
27.07.2020 12:04:17,47	0,350303	4,269382	0	
27.07.2020 12:04:17,315	0,2892367	4,270533	0	
27.07.2020 12:04:17,579	0,2368182	4,271572	0	
27.07.2020 12:04:17,843	0,2356121	4,272664	0	
27.07.2020 12:04:18,109	0,2371764	4,27371	0	
27.07.2020 12:04:18,366	0,2406661	4,27479	0	
27.07.2020 12:04:18,636	0,24683	4,275995	0	
27.07.2020 12:04:18,897	0,2529854	4,277045	0	
27.07.2020 12:04:19,165	0,2575024	4,27829	0	
27.07.2020 12:04:19,425	0,2612518	4,279451	0	
27.07.2020 12:04:19,685	0,2631245	4,280606	0	
27.07.2020 12:04:19,936	0,2649197	4,281684	0	
27.07.2020 12:04:20,189	0,3298405	4,284531	0	
27.07.2020 12:04:20,461	0,9332634	4,292805	0	
27.07.2020 12:04:20,720	1,413059	4,300236	0	
27.07.2020 12:04:20,991	1,595833	4,309143	0	
27.07.2020 12:04:21,248	1,526439	4,314777	0	
27.07.2020 12:04:21,506	1,120778	4,316822	0	
27.07.2020 12:04:21,759	0	4,317248	0	
27.07.2020 12:04:22,11	0	4,317248	0	
27.07.2020 12:04:22,280	0	4,317248	0	
27.07.2020 12:04:22,537	0	4,317248	0	
27.07.2020 12:04:22,796	0	4,317248	0	
27.07.2020 12:04:23,64	0	4,317248	0	
27.07.2020 12:04:23,332	0	4,317248	0	
27.07.2020 12:04:23,594	0	4,317248	0	
27.07.2020 12:04:23,856	0,134727	4,319258	0	
27.07.2020 12:04:24,110	0,2787395	4,321135	0	
27.07.2020 12:04:24,376	0,3627387	4,322864	0	
27.07.2020 12:04:24,647	0,3492386	4,324347	0	
27.07.2020 12:04:24,905	0,3127605	4,325462	0	
27.07.2020 12:04:25,164	0,257476	4,326368	0	
27.07.2020 12:04:25,416	0,2247235	4,327324	0	
27.07.2020 12:04:25,688	0,2186642	4,328268	0	
27.07.2020 12:04:25,946	0,1950591	4,328908	0	
27.07.2020 12:04:26,205	0,1484539	4,329477	0	
27.07.2020 12:04:26,473	0,08767928	4,32987	0	
27.07.2020 12:04:26,737	0,08204705	4,33021	0	
27.07.2020 12:04:26,998	0,08128121	4,330558	0	
27.07.2020 12:04:27,265	0,0836506	4,330978	0	
27.07.2020 12:04:27,525	0,09198908	4,331428	0	
27.07.2020 12:04:27,798	0,1066208	4,331911	0	
27.07.2020 12:04:28,61	0,1135166	4,332457	0	
27.07.2020 12:04:28,318	0,1154441	4,332934	0	
27.07.2020 12:04:28,586	0,1161222	4,333485	0	
27.07.2020 12:04:28,853	0,1173504	4,334044	0	
27.07.2020 12:04:29,112	0,1176675	4,334514	0	
27.07.2020 12:04:29,370	0,1174606	4,335022	0	
27.07.2020 12:04:29,642	0,1175837	4,335571	0	
27.07.2020 12:04:29,906	0,1175571	4,336084	0	
27.07.2020 12:04:30,170	0,1183357	4,336606	0	
27.07.2020 12:04:30,440	0,1394041	4,337989	0	
27.07.2020 12:04:30,695	0,6863881	4,344445	0	
27.07.2020 12:04:30,950	1,231261	4,352351	0	
27.07.2020 12:04:31,201	1,614697	4,360447	0	
27.07.2020 12:04:31,458	1,523787	4,366215	0	
27.07.2020 12:04:31,710	1,130548	4,367579	0	
27.07.2020 12:04:31,962	0	4,367815	0	
27.07.2020 12:04:32,222	0	4,367815	0	
27.07.2020 12:04:32,477	0	4,367815	0	
27.07.2020 12:04:32,740	0	4,367815	0	
27.07.2020 12:04:33,6	0	4,367815	0	
27.07.2020 12:04:33,259	0	4,367815	0	
27.07.2020 12:04:33,516	0	4,367815	0	
27.07.2020 12:04:33,772	0	4,367815	0	
27.07.2020 12:04:34,26	0	4,367815	0	
27.07.2020 12:04:34,285	0	4,367815	0	
27.07.2020 12:04:34,549	0	4,367815	0	
27.07.2020 12:04:34,813	0	4,367815	0	
27.07.2020 12:04:35,63	0	4,367815	0	
27.07.2020 12:04:35,331	0	4,367815	0	
27.07.2020 12:04:35,588	0	4,367815	0	
27.07.2020 12:04:35,855	0	4,367815	0	
27.07.2020 12:04:36,117	0	4,367815	0	
27.07.2020 12:04:36,384	0	4,367815	0	
27.07.2020 12:04:36,642	0,01467371	4,368351	0	
27.07.2020 12:04:36,900	0,1571106	4,36991	0	
27.07.2020 12:04:37,152	0,1871881	4,370803	0	
27.07.2020 12:04:37,413	0,1348761	4,371328	0	
27.07.2020 12:04:37,674	0,03650461	4,371522	0	
27.07.2020 12:04:37,935	0	4,371541	0	
27.07.2020 12:04:38,203	0	4,371541	0	
27.07.2020 12:04:38,455	0	4,371541	0	
27.07.2020 12:04:38,717	0	4,371541	0	
27.07.2020 12:04:38,983	0	4,371541	0	
27.07.2020 12:04:39,251	0	4,371541	0	
27.07.2020 12:04:39,522	0	4,371541	0	
27.07.2020 12:04:39,788	0	4,371541	0	
27.07.2020 12:04:40,40	0	4,371541	0	
27.07.2020 12:04:40,307	0,06826648	4,372556	0	
27.07.2020 12:04:40,576	0,127269	4,373382	0	
27.07.2020 12:04:40,827	0,3917461	4,376159	0	
27.07.2020 12:04:41,96	1,617108	4,383691	0	
27.07.2020 12:04:41,360	1,619012	4,392159	0	
27.07.2020 12:04:41,625	1,610171	4,399136	0	
27.07.2020 12:04:41,881	1,317764	4,402142	0	
27.07.2020 12:04:42,148	0,7177637	4,402883	0	
27.07.2020 12:04:42,400	0	4,402883	0	
27.07.2020 12:04:42,664	0	4,402883	0	
27.07.2020 12:04:42,928	0	4,402883	0	
27.07.2020 12:04:43,185	0	4,402883	0	
27.07.2020 12:04:43,459	0	4,402883	0	
27.07.2020 12:04:43,723	0	4,402883	0	
27.07.2020 12:04:43,994	0	4,402883	0	
27.07.2020 12:04:44,249	0	4,402883	0	
27.07.2020 12:04:44,502	0	4,402883	0	
27.07.2020 12:04:44,762	0	4,402883	0	
27.07.2020 12:04:45,14	0	4,402883	0	
27.07.2020 12:04:45,280	0	4,402883	0	
27.07.2020 12:04:45,547	0	4,402883	0	
27.07.2020 12:04:45,815	0	4,402883	0	
27.07.2020 12:04:46,86	0	4,402883	0	
27.07.2020 12:04:46,353	0	4,402883	0	
27.07.2020 12:04:46,608	0	4,402883	0	
27.07.2020 12:04:46,882	0	4,402883	0	
27.07.2020 12:04:47,137	0	4,402883	0	
27.07.2020 12:04:47,409	0	4,402883	0	
27.07.2020 12:04:47,662	0	4,402883	0	
27.07.2020 12:04:47,921	0	4,402883	0	
27.07.2020 12:04:48,178	0	4,402883	0	
27.07.2020 12:04:48,439	0	4,402883	0	
27.07.2020 12:04:48,703	0	4,402883	0	
27.07.2020 12:04:48,958	0	4,402883	0	
27.07.2020 12:04:49,229	0	4,402883	0	
27.07.2020 12:04:49,480	0	4,402883	0	
27.07.2020 12:04:49,732	0	4,402883	0	
27.07.2020 12:04:50,1	0	4,402883	0	
27.07.2020 12:04:50,269	0	4,402883	0	
27.07.2020 12:04:50,539	0	4,402883	0	
27.07.2020 12:04:50,793	0	4,402883	0	
27.07.2020 12:04:51,45	0	4,402883	0	
27.07.2020 12:04:51,309	0,2939377	4,409014	0	
27.07.2020 12:04:51,574	0,9353849	4,419645	0	
27.07.2020 12:04:51,832	1,384226	4,428318	0	
27.07.2020 12:04:52,89	0,4992596	4,431611	0	
27.07.2020 12:04:52,342	0	4,43196	0	
27.07.2020 12:04:52,610	0	4,43196	0	
27.07.2020 12:04:52,872	0	4,43196	0	
27.07.2020 12:04:53,125	0	4,43196	0	
27.07.2020 12:04:53,380	0	4,43196	0	
27.07.2020 12:04:53,632	0	4,43196	0	
27.07.2020 12:04:53,903	0	4,43196	0	
27.07.2020 12:04:54,168	0	4,43196	0	
27.07.2020 12:04:54,421	0	4,43196	0	
27.07.2020 12:04:54,687	0	4,43196	0	
27.07.2020 12:04:54,949	0	4,43196	0	
27.07.2020 12:04:55,221	0	4,43196	0	
27.07.2020 12:04:55,482	0	4,43196	0	
27.07.2020 12:04:55,739	0	4,43196	0	
27.07.2020 12:04:56,8	0	4,43196	0	
27.07.2020 12:04:56,279	0	4,43196	0	
27.07.2020 12:04:56,545	0	4,43196	0	
27.07.2020 12:04:56,808	0	4,43196	0	
27.07.2020 12:04:57,67	0	4,43196	0	
27.07.2020 12:04:57,332	0	4,43196	0	
27.07.2020 12:04:57,583	0	4,43196	0	
27.07.2020 12:04:57,851	0	4,43196	0	
27.07.2020 12:04:58,107	0	4,43196	0	
27.07.2020 12:04:58,359	0	4,43196	0	
27.07.2020 12:04:58,624	0	4,43196	0	
27.07.2020 12:04:58,890	0	4,43196	0	
27.07.2020 12:04:59,159	0	4,43196	0	
27.07.2020 12:04:59,410	0	4,43196	0	
27.07.2020 12:04:59,675	0	4,43196	0	
27.07.2020 12:04:59,941	0	4,43196	0	
27.07.2020 12:05:00,198	0	4,43196	0	
27.07.2020 12:05:00,461	0	4,43196	0	
27.07.2020 12:05:00,713	0	4,43196	0	
27.07.2020 12:05:00,979	0	4,43196	0	
27.07.2020 12:05:01,244	0	4,43196	0	
27.07.2020 12:05:01,497	0,0130864	4,432896	0	
27.07.2020 12:05:01,751	0,5774332	4,442707	0	
27.07.2020 12:05:02,22	1,166754	4,453568	0	
27.07.2020 12:05:02,279	1,054308	4,459566	0	
27.07.2020 12:05:02,531	0,1228205	4,460575	0	
27.07.2020 12:05:02,785	0	4,460575	0	
27.07.2020 12:05:03,42	0	4,460575	0	
27.07.2020 12:05:03,297	0	4,460575	0	
27.07.2020 12:05:03,548	0	4,460575	0	
27.07.2020 12:05:03,814	0	4,460575	0	
27.07.2020 12:05:04,80	0	4,460575	0	
27.07.2020 12:05:04,339	0	4,460575	0	
27.07.2020 12:05:04,599	0	4,460575	0	
27.07.2020 12:05:04,852	0	4,460575	0	
27.07.2020 12:05:05,124	0	4,460575	0	
27.07.2020 12:05:05,384	0	4,460575	0	
27.07.2020 12:05:05,648	0	4,460575	0	
27.07.2020 12:05:05,904	0	4,460575	0	
27.07.2020 12:05:06,176	0	4,460575	0	
27.07.2020 12:05:06,441	0	4,460575	0	
27.07.2020 12:05:06,692	0	4,460575	0	
27.07.2020 12:05:06,943	0	4,460575	0	
27.07.2020 12:05:07,215	0	4,460575	0	
27.07.2020 12:05:07,467	0	4,460575	0	
27.07.2020 12:05:07,719	0	4,460575	0	
27.07.2020 12:05:07,983	0	4,460575	0	
27.07.2020 12:05:08,235	0	4,460575	0	
27.07.2020 12:05:08,503	0	4,460575	0	
27.07.2020 12:05:08,760	0	4,460575	0	
27.07.2020 12:05:09,27	0	4,460575	0	
27.07.2020 12:05:09,287	0	4,460575	0	
27.07.2020 12:05:09,551	0	4,460575	0	
27.07.2020 12:05:09,817	0	4,460575	0	
27.07.2020 12:05:10,67	0	4,460575	0	
27.07.2020 12:05:10,323	0	4,460575	0	
27.07.2020 12:05:10,589	0	4,460575	0	
27.07.2020 12:05:10,843	0	4,460575	0	
27.07.2020 12:05:11,110	0	4,460575	0	
27.07.2020 12:05:11,362	0	4,460575	0	
27.07.2020 12:05:11,627	0	4,460575	0	
27.07.2020 12:05:11,890	0,1761034	4,464848	0	
27.07.2020 12:05:12,160	0,8354934	4,475417	0	
27.07.2020 12:05:12,429	1,346486	4,485034	0	
27.07.2020 12:05:12,697	0,5278618	4,48896	0	
27.07.2020 12:05:12,968	0	4,489486	0	
27.07.2020 12:05:13,231	0	4,489486	0	
27.07.2020 12:05:13,492	0	4,489486	0	
27.07.2020 12:05:13,748	0	4,489486	0	
27.07.2020 12:05:14,14	0	4,489486	0	
27.07.2020 12:05:14,265	0	4,489486	0	
27.07.2020 12:05:14,534	0	4,489486	0	
27.07.2020 12:05:14,788	0	4,489486	0	
27.07.2020 12:05:15,49	0	4,489486	0	
27.07.2020 12:05:15,316	0	4,489486	0	
27.07.2020 12:05:15,568	0	4,489486	0	
27.07.2020 12:05:15,824	0	4,489486	0	
27.07.2020 12:05:16,95	0	4,489486	0	
27.07.2020 12:05:16,366	0	4,489486	0	
27.07.2020 12:05:16,638	0	4,489486	0	
27.07.2020 12:05:16,892	0	4,489486	0	
27.07.2020 12:05:17,158	0	4,489486	0	
27.07.2020 12:05:17,427	0	4,489486	0	
27.07.2020 12:05:17,697	0	4,489486	0	
